700 100
317 16
642 453
673 396
504 662
322 183
105 636
10 32
403 94
392 528
665 555
621 186
114 285
283 281
587 97
261 594
458 539
575 350
24 195
113 150
357 133
226 320
167 107
187 372
116 57
499 408
488 550
574 504
470 164
41 58
565 376
624 201
267 665
434 115
317 336
692 297
565 599
236 646
344 201
448 110
182 41
328 504
692 567
284 370
413 327
366 448
684 291
470 184
64 140
163 56
611 287
557 452
581 128
567 542
57 695
598 327
258 38
527 460
79 497
438 20
690 76
603 412
618 474
194 424
691 638
393 512
380 551
432 203
387 527
88 515
639 449
481 409
530 543
403 610
364 585
662 403
523 488
420 472
293 245
225 119
151 185
509 283
83 281
647 23
500 174
666 669
168 643
548 62
187 154
288 320
579 595
320 642
323 606
508 314
447 412
338 576
612 429
654 698
124 685
604 659
437 179
555 267