1000 200
718 392
1000 839
459 833
288 433
112 887
535 438
342 414
678 103
505 115
691 580
634 901
810 942
233 991
571 551
831 43
38 105
923 729
564 37
643 896
568 917
566 396
207 219
912 441
555 20
373 951
294 751
329 46
693 538
808 76
170 119
713 581
967 739
24 714
960 808
293 997
744 995
935 164
422 16
636 404
642 868
837 503
75 852
62 377
811 964
300 40
397 171
290 226
837 973
125 68
521 264
351 424
839 19
657 974
791 124
356 598
98 57
25 276
107 946
527 157
188 181
790 602
820 801
74 939
121 743
914 382
665 189
801 792
805 789
685 714
999 135
182 952
547 746
185 950
844 232
694 747
241 595
246 123
784 634
241 704
57 129
967 657
583 896
61 901
290 858
930 450
816 240
731 41
5 775
220 612
521 672
497 763
313 367
684 603
176 430
310 64
976 267
443 764
779 63
585 417
103 920
890 419
785 1
819 74
417 968
852 455
143 361
608 76
444 801
543 449
197 14
235 52
435 669
391 520
70 667
799 954
747 192
643 200
763 273
70 442
190 597
687 846
336 995
973 583
603 954
384 245
125 272
702 259
924 599
747 845
815 821
629 456
886 571
927 78
149 744
771 634
125 151
454 330
963 798
502 507
917 96
119 448
250 230
671 766
322 537
31 834
686 931
971 356
417 167
596 448
191 470
20 626
716 100
1000 786
737 362
613 256
978 181
244 386
708 206
840 444
741 412
651 991
436 775
763 109
91 310
858 108
377 803
111 417
157 61
527 39
144 879
688 104
771 143
911 98
409 122
640 422
686 598
598 925
56 192
140 732
124 774
43 35
44 232
845 264
800 939
353 552
523 373
152 273
743 136
160 961
347 729
238 619
588 456
289 420
154 853
741 961
197 89
830 308
71 307
525 750
155 316
919 198