10000
464 248
795 262
442 161
561 473
596 480
706 143
355 165
587 403
265 13
912 243
834 441
189 459
548 49
569 306
628 103
924 73
638 261
503 71
531 189
21 263
228 399
501 27
326 426
740 286
24 213
726 474
863 300
850 104
380 183
266 389
256 452
235 166
64 66
798 118
208 375
626 497
141 249
382 372
462 426
454 102
985 426
379 39
370 159
832 186
416 73
493 303
599 456
662 180
963 249
942 84
949 483
861 86
251 199
746 283
308 452
720 126
510 276
149 346
721 198
386 216
212 175
162 131
593 65
462 239
838 474
229 102
10 111
742 141
756 493
18 320
191 120
65 332
242 467
346 254
63 426
295 406
609 25
215 410
955 58
427 169
472 483
983 260
428 181
818 477
136 457
657 494
221 371
542 399
107 280
310 78
325 183
870 175
724 235
625 128
186 42
876 500
931 96
562 98
23 447
167 114
151 493
151 273
285 479
739 209
309 75
412 83
216 133
957 142
961 497
396 228
564 454
662 466
561 212
351 108
396 486
399 273
843 80
21 74
54 42
773 347
336 287
57 490
228 271
932 130
1 80
565 105
150 56
169 3
989 306
771 236
927 209
655 378
534 277
818 270
982 487
294 100
956 434
677 471
632 419
701 165
807 332
198 107
789 440
311 251
126 435
272 382
780 351
609 57
829 222
125 185
300 72
481 460
219 108
740 152
482 226
702 477
625 178
395 37
102 27
535 53
161 229
333 398
899 475
463 142
614 128
556 98
23 378
48 120
456 482
741 111
613 172
906 499
981 123
284 148
496 63
818 453
565 401
468 90
8 476
954 166
55 288
756 241
946 319
236 479
278 305
209 382
641 63
813 365
681 248
27 149
157 125
667 202
91 238
221 217
616 72
347 366
600 74
402 297
648 135
820 137
579 405
702 449
963 34
454 415
816 214
815 201
51 118
124 250
773 109
166 490
9 314
440 182
978 434
202 405
485 394
105 396
534 189
813 250
757 47
394 191
754 257
873 418
929 273
759 254
926 458
909 74
257 77
563 259
201 397
894 154
597 491
928 265
597 140
162 178
983 394
726 437
146 196
455 367
319 151
675 71
148 308
89 87
209 68
574 443
559 66
249 90
906 153
657 453
508 321
402 76
382 192
77 101
926 423
846 69
533 140
504 264
314 262
374 101
498 318
865 282
626 126
68 207
112 430
191 372
282 373
218 242
477 390
602 336
306 412
364 497
664 457
413 95
585 498
463 139
537 189
360 31
256 338
184 458
699 205
960 139
222 14
325 428
570 263
992 495
782 213
357 78
586 148
96 34
400 274
88 179
519 371
511 145
584 42
461 245
931 186
927 73
906 41
471 337
747 414
464 135
130 456
205 191
953 84
781 251
481 426
11 152
420 380
304 284
28 155
795 424
855 409
583 197
197 328
433 126
874 275
770 18
406 346
318 169
202 467
227 119
830 369
27 442
996 63
256 308
285 175
112 305
296 240
954 236
238 330
21 406
597 105
192 107
951 169
140 299
550 326
723 216
733 93
959 384
785 93
414 285
334 174
369 150
863 373
594 118
455 76
75 239
345 491
542 69
382 289
142 320
996 19
91 322
752 170
665 269
107 472
356 481
436 305
556 175
946 328
590 475
552 177
466 143
328 351
166 274
603 146
831 423
320 230
683 420
736 247
31 341
62 30
193 369
133 299
692 49
714 455
560 142
517 319
99 87
537 428
940 295
795 259
741 254
84 474
382 197
812 52
977 294
531 425
567 123
248 463
830 394
121 432
654 157
619 268
908 494
744 294
269 408
421 227
440 412
630 91
603 42
389 388
452 279
177 143
649 122
884 185
53 284
899 264
552 261
406 368
857 239
502 349
93 93
226 226
527 449
81 253
293 48
156 138
437 398
444 498
144 445
428 429
473 249
563 286
465 399
709 40
945 152
147 322
880 32
238 8
630 368
343 456
928 10
86 263
946 207
557 134
287 378
546 238
237 269
407 159
136 217
641 284
198 15
794 269
632 111
762 405
411 129
102 27
516 428
431 303
21 213
524 20
844 407
187 234
521 279
510 373
840 66
595 179
676 62
340 75
881 419
388 329
562 142
826 120
599 3
725 373
738 380
132 456
113 222
579 114
533 167
729 247
382 500
245 380
470 482
464 453
690 247
986 266
807 270
763 218
247 141
784 170
202 121
950 67
922 218
232 156
511 272
704 426
98 275
548 122
702 418
626 443
652 91
706 284
899 332
943 130
61 450
702 467
552 305
329 310
632 490
940 216
727 389
855 386
857 352
740 217
525 462
67 415
895 148
982 26
626 98
178 495
177 241
860 114
956 253
399 467
134 339
774 228
481 266
384 430
58 393
340 56
122 164
808 66
75 320
526 215
803 291
60 280
258 29
914 42
614 240
74 149
851 266
89 201
106 101
275 187
631 264
146 107
711 24
653 421
380 211
333 153
280 88
963 280
500 32
806 259
757 492
48 296
737 479
520 228
967 49
292 116
37 34
241 417
536 495
188 333
530 128
680 216
936 119
42 117
632 170
757 349
647 191
797 175
276 385
985 475
458 214
980 6
270 476
986 110
877 486
777 484
775 83
124 364
681 466
233 244
910 67
269 478
579 469
576 381
485 98
681 188
6 158
666 470
855 66
24 391
43 355
568 384
898 289
504 130
459 166
254 438
126 50
127 387
877 415
424 340
912 433
87 191
69 393
459 452
845 481
280 39
375 417
490 369
211 163
939 127
242 207
604 307
600 149
395 396
897 67
160 301
636 407
964 387
136 383
248 223
828 105
960 415
244 439
253 108
560 325
831 48
36 33
562 287
185 98
421 403
28 418
384 346
266 243
354 256
727 49
703 384
923 20
551 455
53 139
346 92
319 98
862 161
875 38
190 141
264 334
831 386
687 416
478 382
943 366
579 356
394 261
277 361
777 16
821 175
236 190
44 145
396 8
996 314
827 71
330 461
751 494
535 399
324 459
605 145
342 402
245 324
719 346
202 410
572 83
819 169
260 218
398 416
229 284
477 432
991 433
607 166
94 423
723 73
421 399
708 200
665 183
235 375
317 81
494 115
19 417
877 109
621 303
244 385
788 360
832 20
496 379
424 5
269 166
866 121
490 43
513 440
647 244
718 301
832 197
947 388
361 413
606 244
847 476
197 357
573 371
867 159
503 118
970 53
784 472
718 331
76 148
527 84
556 321
142 474
941 379
139 469
372 173
901 402
498 223
656 467
617 155
673 9
205 310
210 216
680 293
311 71
752 427
37 182
188 354
234 343
353 265
427 427
358 499
934 489
163 482
798 178
482 254
617 309
823 69
894 224
527 284
962 284
125 44
113 111
872 487
6 435
805 446
952 157
155 400
163 491
466 144
582 281
263 414
353 375
614 463
552 139
429 303
266 495
832 118
605 75
468 66
751 354
69 464
633 385
132 84
325 468
58 53
751 395
585 82
811 101
863 11
495 349
18 412
101 306
543 220
144 107
369 142
39 286
945 318
173 162
187 465
436 63
625 9
827 467
607 410
206 459
888 188
815 71
459 375
627 395
957 373
143 69
496 467
727 490
267 456
55 371
750 159
798 492
881 261
111 273
15 252
33 1
36 420
387 349
448 160
283 20
805 56
797 150
303 497
949 308
898 283
543 218
785 484
991 54
575 14
691 415
30 166
67 355
687 87
866 56
213 438
791 17
850 199
81 367
776 391
122 156
735 155
684 242
782 464
877 122
482 425
430 325
402 411
366 228
252 22
687 394
512 82
153 301
886 186
751 66
430 11
944 32
702 380
303 308
768 323
600 150
414 103
978 263
413 453
269 406
174 11
68 392
635 170
654 363
737 353
345 421
314 422
395 8
759 223
8 108
296 491
583 169
211 112
761 317
877 458
395 250
925 292
9 407
403 482
858 273
259 491
183 434
6 394
735 237
893 397
191 165
454 99
533 289
744 470
990 402
137 295
646 203
11 58
288 124
168 1
613 180
341 341
364 434
616 396
505 450
126 73
20 327
860 482
436 196
917 144
656 263
70 38
204 284
966 455
468 57
814 413
45 310
901 102
770 80
786 106
529 455
509 372
449 273
662 177
562 156
663 59
531 472
82 464
532 90
359 81
891 48
755 108
564 467
888 421
65 358
688 399
910 138
124 369
209 7
542 427
460 13
949 90
169 428
113 51
376 298
788 488
680 266
938 179
860 35
284 401
691 81
26 357
35 464
87 93
816 365
710 174
959 189
771 65
903 361
630 482
762 160
882 180
741 209
840 421
905 475
102 99
875 394
36 263
571 477
541 25
565 7
910 67
174 183
158 268
851 327
636 143
996 10
303 116
760 204
470 334
950 324
385 21
624 265
483 106
464 297
663 98
533 424
416 456
496 73
168 432
909 210
662 122
668 256
742 206
204 404
367 119
530 201
207 131
724 494
665 76
945 122
662 201
578 434
34 394
600 16
892 248
756 223
771 211
648 387
922 314
323 293
602 181
460 300
676 344
745 208
412 65
523 232
775 175
340 184
99 139
443 245
453 355
852 408
557 406
86 469
599 258
146 179
777 129
837 394
929 26
37 362
83 171
992 480
275 313
240 148
481 150
261 74
2 349
437 133
147 404
415 148
559 308
484 202
27 275
38 336
134 500
733 239
569 193
422 300
461 363
478 129
578 90
573 393
726 277
533 95
198 107
349 144
617 188
931 329
16 132
723 55
492 39
744 449
293 134
170 204
667 23
39 257
320 325
177 170
838 141
945 319
897 119
882 259
624 74
859 354
940 418
831 58
233 372
765 433
209 200
870 282
256 448
686 491
169 424
156 451
586 394
257 160
964 247
290 372
458 96
425 401
526 54
583 431
620 178
272 457
803 300
439 201
625 244
966 119
119 160
871 363
248 443
835 298
650 2
132 440
30 337
563 420
32 165
483 338
947 91
520 118
90 45
76 207
199 471
205 255
693 8
965 108
133 149
825 244
737 99
245 497
283 333
992 190
250 76
315 22
538 199
548 339
618 253
258 125
437 140
512 342
947 147
362 467
583 324
158 334
539 453
750 157
190 73
211 319
499 319
143 302
751 41
174 371
466 440
748 356
826 217
775 153
467 458
270 299
967 236
541 235
898 185
47 112
755 499
499 242
632 126
314 77
971 109
1000 296
244 328
586 382
889 122
666 286
371 26
174 41
691 104
467 441
192 117
819 129
15 7
918 223
32 434
456 322
619 351
407 20
93 343
96 260
175 227
636 168
309 140
843 210
188 101
207 274
328 277
30 58
36 445
311 353
615 383
477 94
144 166
556 280
687 111
881 127
268 355
919 57
461 290
327 399
923 353
815 385
743 393
924 323
918 115
300 52
827 315
568 24
27 405
394 141
228 464
828 197
783 286
529 36
538 171
956 279
394 437
126 250
407 398
28 429
789 272
292 69
643 275
201 323
780 375
645 495
452 437
103 265
363 252
262 16
784 179
343 101
129 388
756 178
820 428
149 457
810 123
472 479
574 13
128 281
948 334
815 62
626 265
154 200
686 435
694 238
973 416
381 192
686 190
101 303
16 321
375 68
174 329
808 186
659 481
382 264
105 494
192 392
546 389
711 452
459 475
183 269
409 185
244 459
657 280
340 88
556 119
77 499
104 6
49 423
469 334
280 217
857 19
846 360
542 454
783 48
422 461
870 8
931 493
388 386
663 52
434 322
536 68
905 67
854 219
724 250
107 430
417 164
843 29
627 172
474 305
663 93
344 437
675 177
905 49
550 35
357 349
122 127
581 114
792 166
711 489
146 55
205 330
672 206
730 94
166 362
734 491
923 271
28 401
299 329
231 266
749 46
425 468
928 448
848 411
952 269
992 291
406 56
929 300
202 23
219 238
877 289
243 267
418 343
305 303
226 346
339 261
284 139
580 162
154 61
25 311
879 427
45 49
378 297
974 306
449 372
40 438
953 145
456 88
284 149
40 45
720 435
191 353
735 110
571 134
886 69
333 373
350 268
249 145
718 151
569 20
134 90
957 126
369 445
358 112
937 107
129 484
827 135
281 64
966 334
174 41
989 404
520 357
422 499
16 411
862 319
471 315
259 90
762 186
883 36
465 202
75 214
498 429
374 310
631 119
119 264
201 493
111 325
871 226
433 405
788 133
26 330
970 269
108 364
282 452
32 91
825 424
677 42
103 144
969 153
797 448
619 431
490 53
680 421
197 148
4 349
38 50
211 42
888 162
248 482
372 217
135 112
16 45
4 244
936 343
1 186
867 181
171 445
914 239
905 107
844 493
35 273
270 355
196 140
577 476
523 94
919 222
293 430
150 38
597 51
15 196
641 259
458 154
764 492
376 19
778 127
687 334
709 196
22 193
541 137
920 399
62 424
842 164
387 201
866 77
280 271
393 324
840 48
719 405
664 338
811 316
71 53
132 446
489 216
859 162
591 376
331 319
273 279
92 193
80 413
338 40
157 291
151 303
333 60
330 175
422 327
183 7
337 286
119 311
122 8
380 314
468 26
758 330
847 39
649 410
816 380
270 7
613 74
405 161
634 128
504 407
868 381
490 420
912 53
117 108
631 326
215 153
78 84
677 228
756 168
525 371
820 244
896 263
316 166
299 378
37 415
983 250
115 500
760 338
911 412
126 226
326 2
24 139
107 378
97 10
252 202
766 85
100 476
984 295
212 185
10 391
620 410
42 54
555 260
52 495
230 248
679 252
794 446
501 181
22 60
558 379
868 260
444 13
442 374
830 294
532 332
745 85
242 432
485 372
864 320
457 80
550 272
838 477
905 146
368 144
72 115
131 241
420 36
668 71
417 65
263 152
785 383
744 302
541 127
650 461
997 412
96 234
329 26
198 398
811 168
379 345
288 351
417 204
5 304
574 127
373 5
644 467
764 194
277 336
938 470
404 281
191 350
123 53
809 378
886 213
944 157
321 54
480 407
551 78
1 415
330 1
444 476
864 37
542 198
646 433
636 263
147 495
964 23
722 83
11 27
557 321
17 335
12 496
241 251
198 379
65 299
137 468
541 90
346 366
472 407
182 294
617 137
808 469
117 401
108 325
739 497
400 329
26 4
298 346
945 176
553 324
138 463
227 256
359 285
43 160
191 411
251 72
645 51
851 272
729 30
528 235
578 141
135 43
246 41
60 234
747 306
343 335
443 494
861 45
373 330
441 328
615 377
247 373
267 291
267 176
164 35
261 218
894 141
12 474
235 404
209 244
583 93
828 34
481 55
332 468
840 320
556 482
941 52
597 257
809 474
580 158
63 119
616 134
834 8
813 335
832 128
688 411
170 314
797 249
36 389
967 113
798 178
935 436
650 259
759 235
379 42
847 395
353 63
933 299
327 77
853 44
156 325
468 224
8 77
571 10
173 315
122 19
65 157
657 211
502 401
222 275
867 266
654 269
238 227
584 476
82 16
974 221
609 188
555 126
377 319
3 50
240 231
183 180
243 336
333 27
539 458
505 294
944 247
119 366
205 47
972 388
589 319
552 188
872 485
986 12
337 302
475 306
863 115
569 41
712 124
104 309
83 489
161 165
60 411
890 472
24 39
532 205
123 307
496 473
910 65
826 231
731 117
903 417
952 21
731 2
635 257
642 184
738 129
773 213
451 14
149 80
743 298
729 54
735 131
242 303
968 352
174 84
184 186
733 226
697 81
150 416
957 298
152 484
391 95
954 216
129 141
607 383
694 494
60 14
261 269
761 113
570 351
161 325
99 255
942 279
569 7
337 87
403 141
368 243
208 179
349 405
891 203
507 279
488 378
52 117
316 28
553 37
526 143
946 164
664 401
39 324
321 87
838 274
479 6
557 198
637 251
635 465
313 441
622 368
19 277
267 349
298 43
651 414
923 389
723 260
846 28
63 314
987 188
226 190
474 442
516 289
408 261
520 33
754 422
260 454
461 98
293 146
385 275
616 286
132 326
714 229
393 368
585 404
882 256
108 499
456 325
574 160
530 236
743 199
353 42
255 44
270 325
752 402
537 17
545 398
803 272
174 136
836 482
708 452
602 314
121 320
276 361
592 157
296 282
74 9
31 28
977 346
183 20
299 461
495 387
62 199
869 120
389 4
486 258
66 19
25 463
935 222
566 82
960 330
278 81
315 459
489 430
324 275
219 324
617 120
782 332
325 338
544 342
676 304
436 413
823 370
311 383
248 232
737 351
602 431
331 396
298 498
211 130
727 447
677 455
421 131
699 127
21 172
321 490
384 464
559 492
674 473
899 331
793 325
985 355
971 418
590 66
888 30
461 337
147 180
137 211
459 196
334 376
371 257
979 193
892 364
510 368
849 498
510 144
331 433
284 113
52 447
472 9
979 412
285 88
78 497
463 465
509 474
550 11
125 353
573 157
610 336
726 241
104 320
148 235
657 440
392 471
362 383
676 221
498 452
510 247
542 123
797 172
379 75
996 291
565 426
443 167
982 167
424 140
730 14
96 96
595 181
846 101
948 290
179 276
404 414
743 8
97 487
563 362
911 61
100 303
504 141
208 86
481 95
603 425
547 362
920 298
1 448
965 6
389 437
243 326
684 13
375 392
829 222
468 144
977 450
71 464
287 368
769 356
610 313
42 278
909 347
466 489
764 483
849 16
795 294
410 102
359 418
575 250
354 160
499 207
479 211
901 18
790 181
310 497
907 466
304 215
699 155
861 395
801 482
381 288
808 38
503 413
481 250
297 258
824 341
924 314
351 266
362 37
418 356
292 104
938 153
731 76
331 176
515 321
63 94
222 310
600 45
625 143
133 86
272 422
917 6
292 311
560 493
8 421
112 372
463 356
301 425
446 33
751 2
118 150
531 423
818 395
875 397
162 260
428 452
16 76
847 99
435 118
102 218
172 399
340 412
846 4
627 288
355 81
438 429
641 342
216 23
392 185
868 377
781 305
512 331
824 382
355 266
464 236
5 226
972 26
102 361
751 382
576 198
143 49
398 457
336 436
164 403
953 152
345 474
431 398
562 157
772 330
715 360
772 242
329 250
303 189
932 308
765 398
840 67
279 89
173 286
739 50
449 25
288 94
605 376
339 241
784 317
720 239
735 432
35 293
164 480
846 98
891 45
758 42
143 260
11 184
833 322
664 378
177 304
965 138
476 478
18 109
418 153
306 254
749 241
208 123
632 56
59 297
576 67
882 379
239 93
370 144
981 174
207 194
486 107
336 239
317 376
257 357
735 457
952 351
625 245
528 45
886 74
183 152
110 73
568 54
914 337
165 109
749 152
746 350
544 257
532 180
21 370
132 421
36 477
858 331
764 108
514 448
110 81
240 362
152 462
532 290
986 215
991 44
803 273
940 274
551 27
465 72
11 463
995 310
653 414
9 326
95 196
964 302
520 77
35 452
889 341
766 386
302 404
220 245
339 252
730 475
738 145
830 354
239 360
482 115
951 419
168 295
81 77
960 153
363 18
152 275
42 15
548 223
743 34
8 334
85 10
336 39
369 292
102 294
191 470
510 3
324 100
882 24
713 26
865 126
917 310
956 13
860 496
435 256
219 187
292 263
298 173
261 129
736 100
538 488
883 407
278 221
200 16
477 128
517 16
320 424
491 313
595 175
126 498
265 21
672 400
787 310
768 66
290 487
164 157
175 359
863 485
263 93
37 180
61 51
547 226
251 328
426 340
998 99
153 437
158 131
76 162
995 83
817 220
487 434
10 3
833 159
210 222
227 21
322 56
523 65
390 38
864 198
93 159
874 451
785 434
516 277
435 415
193 18
297 369
200 367
662 131
112 468
534 340
212 484
577 65
536 268
165 38
645 471
896 488
714 225
399 311
21 229
786 54
444 378
591 448
55 264
537 486
394 194
977 264
540 43
353 78
549 88
520 12
363 162
268 1
790 243
900 95
636 335
195 428
591 254
615 97
961 179
86 469
841 73
210 122
816 333
232 420
797 281
636 453
68 366
677 323
156 156
728 16
607 19
761 338
256 66
813 158
109 245
791 431
397 170
438 244
925 68
830 369
294 431
224 54
90 253
618 33
647 442
852 4
458 286
613 40
846 63
165 179
970 172
162 178
788 378
395 165
34 43
790 157
835 450
528 212
41 73
619 164
878 407
773 198
999 217
913 241
545 320
177 406
298 250
745 470
521 415
349 121
592 127
790 468
997 78
321 28
815 156
240 200
247 186
522 434
317 473
852 102
323 242
890 293
124 344
114 17
883 332
97 54
326 270
537 439
140 383
909 306
586 406
71 80
932 241
663 255
783 292
654 238
927 61
875 495
766 402
876 484
944 6
967 106
248 500
770 162
401 262
129 52
811 308
734 195
893 365
290 406
47 489
574 215
888 337
234 370
820 445
667 490
553 140
821 124
649 421
260 180
701 438
348 477
225 424
883 391
870 175
30 335
42 460
897 54
516 459
601 479
162 76
157 106
342 269
48 158
103 217
808 490
744 466
466 492
848 395
201 464
387 118
38 193
981 178
941 229
906 143
140 86
953 474
45 356
724 253
572 460
464 149
246 42
11 224
913 215
978 440
405 166
746 471
4 335
359 191
53 165
929 434
548 160
631 396
63 217
894 282
847 487
867 58
440 239
767 423
652 465
198 355
240 201
33 337
146 317
953 131
614 244
241 206
52 372
920 179
973 120
827 373
857 397
729 360
284 438
57 99
173 263
368 16
486 225
113 146
216 402
820 202
34 297
280 159
410 94
820 236
569 449
278 372
119 53
747 53
704 449
710 118
503 335
633 374
951 349
633 159
496 52
298 191
757 111
261 323
913 405
617 60
675 40
786 452
682 20
902 210
659 33
332 172
196 110
416 462
475 136
22 464
798 435
8 461
254 425
184 54
381 84
876 221
149 184
671 116
122 67
454 484
137 406
313 283
339 220
424 388
932 103
490 476
467 420
849 452
30 432
829 38
166 114
442 366
877 123
32 193
551 164
944 104
158 238
824 300
550 499
643 341
223 220
27 439
379 80
6 184
622 275
757 289
152 183
444 223
778 54
751 341
611 488
196 379
775 149
817 402
978 485
342 84
284 409
406 425
941 192
941 256
597 55
310 149
754 179
290 95
802 126
491 47
473 415
313 197
70 216
25 93
304 420
71 463
79 45
180 335
91 235
399 341
553 323
613 287
919 195
671 367
930 441
696 125
841 26
681 20
157 467
962 208
738 248
660 398
606 458
685 398
299 392
407 195
120 83
571 201
122 27
558 498
175 54
591 217
951 105
968 394
181 382
925 409
25 116
221 391
893 431
35 169
565 47
272 149
958 293
869 217
373 174
204 27
581 476
183 295
569 141
120 437
319 397
989 185
438 374
148 18
999 198
128 33
421 291
582 113
760 365
976 489
212 338
143 72
221 166
260 156
992 322
368 350
778 398
13 355
783 76
115 435
14 447
643 204
931 415
207 76
248 162
140 500
710 423
190 327
204 41
391 427
50 43
221 410
798 227
636 66
396 478
78 378
60 320
40 221
689 413
298 103
179 2
391 60
468 39
441 67
665 468
926 64
102 400
471 472
648 177
280 291
146 42
274 158
291 412
559 454
821 485
289 339
337 155
540 308
621 497
274 142
775 268
996 349
40 192
192 469
631 495
145 334
431 429
221 166
891 271
222 101
984 30
892 6
540 345
180 210
833 311
348 481
731 216
516 394
286 423
738 413
79 382
216 325
181 6
720 371
75 397
833 186
365 154
102 406
636 248
685 61
300 199
604 94
767 40
178 138
795 299
744 394
356 490
256 223
860 341
850 319
91 244
977 62
685 164
195 417
505 494
209 484
750 82
262 65
144 419
458 349
51 227
127 80
857 426
811 315
458 208
974 135
215 219
20 412
194 71
729 495
58 166
690 430
441 83
825 58
156 487
612 122
71 322
85 216
9 249
209 217
502 81
735 23
758 183
108 245
674 88
543 177
236 300
844 178
163 29
78 316
128 331
679 380
403 397
97 128
269 473
557 370
45 140
58 263
61 449
171 398
439 132
756 74
14 386
170 336
237 452
85 159
416 492
478 377
124 472
923 216
128 61
744 48
675 266
148 214
494 284
918 39
333 324
769 379
395 364
949 339
515 83
192 485
408 461
609 190
846 267
606 461
104 435
442 348
510 43
493 315
462 406
840 159
731 486
265 361
416 131
241 451
382 360
29 270
523 186
453 230
710 209
469 422
749 464
102 200
199 261
860 79
398 489
210 83
541 145
208 367
144 36
890 262
750 422
503 69
209 65
173 231
388 423
115 236
647 475
957 358
921 409
301 102
768 159
80 459
201 30
841 323
678 379
518 194
68 111
804 15
949 451
714 259
84 243
430 116
411 246
22 406
390 182
144 55
68 494
285 267
680 73
692 233
146 416
532 493
311 474
405 319
255 150
801 205
534 200
581 357
686 7
93 257
848 477
2 188
828 28
442 313
479 410
568 178
710 354
116 237
989 259
57 269
670 420
940 291
3 33
16 328
149 444
746 150
68 396
770 328
606 244
948 232
630 380
557 319
562 355
239 329
141 418
795 232
770 473
419 64
290 182
464 480
508 194
339 155
357 241
620 382
992 81
980 486
696 25
30 394
925 33
650 1
338 107
934 154
161 474
308 402
722 290
936 339
502 348
13 166
551 19
9 334
609 431
500 366
772 90
636 219
54 455
879 314
683 183
71 58
481 41
456 10
161 205
724 10
900 449
686 409
18 440
675 247
110 138
247 491
484 22
310 189
235 141
236 156
809 209
82 46
397 244
495 421
997 474
399 177
505 494
63 436
657 418
634 261
179 1
745 309
988 474
264 276
785 64
814 244
882 448
128 297
610 110
839 496
153 353
818 102
150 434
625 128
899 67
188 94
531 269
295 94
973 299
993 30
52 153
488 124
596 368
647 68
851 114
680 424
84 295
114 125
697 172
637 194
705 207
916 44
914 148
984 451
658 55
273 81
417 285
912 167
179 141
362 196
882 187
996 223
774 461
705 162
44 64
144 171
568 362
682 485
105 293
677 310
794 3
163 135
289 295
523 75
391 139
276 95
498 213
541 238
739 213
290 211
115 419
974 424
512 255
627 370
915 316
22 431
662 105
999 478
111 467
537 377
520 441
671 256
523 29
854 144
27 115
846 345
869 500
735 146
94 316
177 231
182 279
446 403
77 31
403 473
357 42
954 430
387 325
114 249
814 425
254 441
217 436
635 216
295 23
816 358
398 176
37 176
780 199
160 140
383 148
275 60
530 212
554 421
346 276
451 224
257 144
842 461
419 149
199 56
413 156
388 411
45 171
195 393
611 47
154 387
455 30
798 260
168 121
898 361
279 480
810 407
772 381
499 360
275 427
359 171
274 22
403 481
181 338
918 148
610 243
201 216
700 455
435 169
837 369
329 94
602 326
598 101
308 287
887 126
957 148
222 450
962 196
593 74
489 418
757 284
741 165
855 28
57 400
932 464
135 7
970 288
260 408
508 190
847 463
452 71
168 394
171 356
591 206
474 25
179 355
543 223
3 141
449 50
994 48
314 399
692 39
727 442
730 20
509 135
401 466
417 340
145 448
875 433
305 32
340 495
995 298
386 465
423 453
100 340
514 286
888 304
170 425
285 382
22 161
856 474
14 303
791 403
653 298
280 301
281 110
269 474
210 95
681 87
61 338
705 281
147 201
244 91
259 74
112 261
675 35
81 325
761 437
360 58
990 133
617 160
727 327
120 281
631 302
102 246
6 482
943 87
958 86
251 247
684 350
458 63
760 45
1000 383
748 283
694 432
985 348
395 286
882 25
530 62
593 174
606 177
381 27
273 299
539 436
61 339
199 72
351 98
879 301
709 420
113 208
143 479
997 38
406 36
16 495
922 291
965 172
428 191
339 68
936 285
18 448
105 11
590 10
604 4
166 112
586 289
23 34
838 484
919 4
724 342
431 487
497 272
146 458
87 179
65 154
955 243
51 25
97 486
675 386
809 247
286 495
290 420
680 35
694 58
173 248
702 216
459 199
237 134
66 399
384 110
773 284
133 198
827 269
33 64
301 378
339 124
435 167
761 319
314 439
402 139
713 477
977 249
465 284
908 336
187 63
398 30
711 412
54 3
65 490
188 124
348 116
350 256
339 48
221 73
187 425
440 495
24 98
464 107
844 351
56 167
502 223
491 64
156 446
85 340
15 197
120 122
727 182
778 94
258 263
172 345
594 128
64 222
121 226
362 37
22 456
6 240
536 355
308 416
419 246
373 219
459 105
667 95
381 112
340 419
982 138
398 378
860 135
311 243
554 174
151 362
457 114
867 499
342 137
773 366
839 126
846 476
712 129
949 155
282 395
536 336
831 204
965 491
340 485
1000 310
400 461
590 486
638 290
529 215
509 451
90 274
788 351
215 280
617 391
368 494
435 475
645 282
658 193
218 84
422 171
732 4
270 309
721 388
85 403
663 488
154 382
749 77
671 141
969 122
550 213
605 380
877 245
728 21
846 43
786 132
525 140
889 232
305 143
868 127
351 324
719 246
926 217
516 290
919 170
381 326
418 121
625 162
674 55
628 143
309 392
578 191
99 291
633 230
178 89
634 339
16 379
932 244
6 447
441 8
1 63
505 41
659 345
671 265
925 206
970 69
496 84
782 392
625 477
908 63
93 480
905 240
697 346
316 65
105 268
856 402
411 398
176 246
243 318
272 193
759 453
157 46
381 164
872 447
615 2
440 123
784 350
849 121
37 456
666 123
466 76
372 221
679 209
8 248
671 174
232 27
337 4
376 150
474 382
600 144
613 125
735 132
518 434
912 355
714 395
559 157
864 472
882 294
364 480
401 181
974 254
643 429
851 20
595 287
815 188
999 351
194 59
82 137
93 175
824 390
434 298
354 235
604 259
562 28
56 149
531 8
716 97
872 135
525 114
563 187
975 239
386 13
964 468
549 15
838 214
596 253
938 257
189 254
522 444
866 405
376 109
359 20
990 451
571 462
614 355
809 412
56 392
355 153
562 471
986 471
612 400
519 49
996 316
986 439
987 237
533 489
979 203
626 336
424 262
674 305
403 263
645 350
692 209
786 372
654 138
25 39
807 281
166 463
408 472
446 341
897 51
579 420
549 230
854 402
174 182
392 136
209 311
163 218
47 455
836 351
942 493
80 80
346 110
392 256
8 175
53 342
683 1
306 417
800 440
346 495
928 65
222 7
382 426
237 60
817 96
946 346
156 15
344 282
682 343
332 267
660 328
71 150
307 408
293 276
480 37
187 218
905 469
939 44
299 487
523 250
230 305
838 194
59 133
792 164
801 139
403 414
258 287
546 302
261 293
403 373
368 179
244 2
857 155
601 456
373 328
455 488
45 455
514 309
445 232
181 71
219 361
303 194
731 362
303 164
571 383
779 160
271 475
163 107
66 85
546 28
45 234
253 303
550 122
259 182
139 148
49 177
984 74
11 180
34 316
953 429
790 104
846 169
31 489
372 120
343 428
394 123
790 445
914 54
568 87
636 385
996 171
715 483
673 45
787 24
158 363
884 118
7 90
308 8
520 238
82 458
35 53
47 181
110 153
220 425
450 334
494 64
905 44
279 319
399 248
174 458
122 174
266 81
838 176
155 365
641 191
284 364
17 33
686 223
544 3
730 430
80 48
959 447
784 463
623 345
801 356
994 289
978 369
52 494
433 398
653 6
328 270
749 411
695 144
775 346
656 93
787 410
873 120
440 338
582 78
410 45
52 246
351 404
809 24
975 365
473 498
352 274
546 352
31 499
8 366
60 225
47 476
516 36
775 141
628 120
282 491
84 234
857 2
632 267
729 168
549 27
168 421
84 91
293 266
465 356
426 382
566 115
345 157
822 305
262 408
494 254
895 258
870 54
451 405
503 422
883 281
70 141
263 313
960 457
596 293
167 39
949 76
601 347
211 92
390 44
345 420
290 278
466 386
775 477
599 443
911 490
448 297
615 198
30 25
373 450
515 170
34 432
109 38
752 332
339 193
688 406
562 378
551 310
69 339
586 301
599 308
86 170
631 106
41 17
277 112
998 226
141 84
745 249
970 59
891 57
450 325
965 373
984 187
92 44
810 30
873 152
281 391
539 238
671 46
989 243
338 328
792 19
595 176
758 30
126 135
169 88
299 304
251 258
214 457
10 255
827 328
986 486
4 290
61 50
839 412
879 351
83 135
990 142
30 42
316 144
702 463
17 71
673 401
358 196
386 498
681 294
289 55
57 85
660 305
726 41
436 452
912 144
910 195
111 485
631 229
441 288
356 446
149 228
389 339
877 157
163 325
765 90
396 484
998 62
672 437
887 220
795 364
73 252
750 375
956 17
613 238
935 488
275 186
560 359
295 295
183 434
743 156
202 150
378 343
504 355
992 394
180 179
280 303
125 134
64 243
603 284
223 23
384 97
180 493
527 343
271 399
430 149
852 411
214 62
498 312
50 231
107 84
522 84
287 374
614 78
845 72
417 412
740 491
153 296
322 375
606 137
227 233
555 256
750 214
302 487
50 25
892 287
32 119
111 182
240 137
867 197
618 337
40 103
472 2
390 95
481 48
637 277
105 334
276 31
225 392
252 170
359 69
69 446
316 315
426 297
600 105
992 437
438 217
396 138
759 370
23 333
971 428
738 374
880 191
90 83
599 476
129 430
782 483
399 459
37 190
227 331
854 242
879 67
892 94
691 378
975 360
763 174
637 134
312 121
556 246
279 348
724 199
278 164
704 262
483 408
805 465
557 265
522 469
198 188
97 53
413 258
522 194
99 113
855 491
41 287
168 395
904 88
983 496
327 351
546 350
702 199
762 66
738 157
157 158
401 227
702 381
330 295
834 43
304 472
531 24
888 220
784 485
806 396
293 9
186 43
757 148
219 69
579 120
374 143
341 132
722 439
889 69
490 83
377 34
432 401
104 463
98 345
501 319
611 190
97 78
44 375
818 7
979 83
462 458
351 438
688 170
174 409
369 313
226 292
647 244
318 379
543 240
197 166
451 151
722 220
375 251
373 56
243 233
706 133
145 114
837 336
843 4
553 49
384 8
150 173
173 207
576 211
349 490
993 264
794 189
326 61
634 275
926 376
573 86
908 439
895 325
278 207
483 318
436 98
709 256
153 55
515 408
606 34
554 54
574 300
721 95
391 117
914 104
737 201
385 275
872 50
508 32
404 500
316 250
182 126
649 360
412 342
262 285
584 309
721 471
310 13
456 482
665 121
786 391
120 478
285 468
667 343
315 378
226 242
80 390
930 28
42 327
382 20
36 229
470 328
945 488
852 218
254 417
679 133
353 496
673 228
910 281
143 23
175 209
34 39
546 283
600 28
254 366
799 150
491 85
7 209
851 53
133 309
401 422
743 42
248 480
272 55
929 286
933 123
479 76
404 74
516 424
894 180
185 392
683 374
311 151
715 399
597 316
367 260
214 469
951 64
636 107
77 136
41 7
448 4
150 231
187 109
822 265
296 364
266 19
332 409
212 178
899 175
869 133
47 121
41 485
175 244
212 345
529 231
979 421
884 356
642 130
521 484
327 208
70 290
458 67
328 53
939 369
643 139
890 60
951 20
262 351
72 455
205 365
347 174
504 460
215 196
940 432
821 116
928 110
261 493
254 58
533 180
272 382
812 222
407 359
135 165
288 398
77 398
373 41
536 380
410 6
198 369
561 499
787 2
552 280
697 339
678 219
90 244
20 327
55 185
705 492
939 341
560 412
408 102
5 449
379 341
522 397
370 50
551 397
396 215
154 480
985 22
286 476
423 275
23 267
800 115
596 128
981 410
553 134
64 425
923 370
442 126
696 422
52 240
491 393
910 407
726 427
516 62
164 463
238 383
153 219
256 429
424 135
164 315
771 255
824 51
478 287
570 385
820 324
343 269
489 461
870 310
286 290
459 310
930 13
523 256
313 152
415 369
65 87
670 74
749 421
250 496
555 387
891 344
813 300
125 295
188 273
99 231
887 189
766 442
734 166
546 158
438 489
48 9
927 261
961 285
56 229
685 99
568 59
815 306
624 499
60 304
759 209
702 57
612 201
172 465
255 161
856 433
493 107
709 248
946 135
784 124
289 233
252 31
463 395
31 156
234 24
593 112
907 348
64 253
573 354
189 213
706 444
284 4
475 333
733 315
594 392
164 344
78 435
856 291
718 192
511 354
657 429
950 359
868 476
851 362
917 128
114 347
830 161
942 369
411 451
236 266
871 418
409 278
83 296
184 203
341 448
508 438
935 224
136 17
406 79
12 4
820 458
24 357
900 163
223 108
362 195
115 487
308 301
106 335
998 224
703 422
872 366
555 26
144 370
939 384
820 347
777 380
490 232
777 62
722 4
803 375
418 253
48 189
969 334
127 4
545 85
662 431
382 350
468 313
390 282
930 88
939 174
654 265
166 291
12 108
632 440
636 406
701 267
496 414
448 11
622 350
480 196
91 39
473 9
344 72
810 329
457 83
123 157
438 15
117 428
150 470
500 431
960 13
363 333
698 31
872 31
24 19
587 328
801 386
279 154
559 155
573 331
653 152
263 95
199 64
647 390
392 450
723 140
294 86
590 496
678 237
896 294
46 233
684 202
385 439
464 300
773 491
879 62
430 407
781 491
293 424
86 378
723 179
232 434
436 93
596 259
239 57
710 405
683 292
620 498
216 491
225 165
926 88
959 251
483 287
633 51
354 183
800 44
906 116
489 381
467 83
628 76
965 344
33 172
211 75
273 343
449 165
289 168
239 32
76 78
286 59
302 183
301 11
184 495
487 48
487 253
751 178
966 352
222 281
115 105
188 40
556 321
22 414
915 435
216 487
524 176
97 318
805 1
330 153
664 291
793 90
750 27
929 84
917 449
159 376
738 418
452 221
410 468
651 16
891 292
640 194
626 132
954 490
690 320
921 432
698 443
932 184
333 381
927 79
822 181
702 467
217 28
123 231
808 273
835 78
540 269
575 475
740 486
674 325
35 157
835 252
774 418
793 104
823 196
950 25
54 312
563 222
394 55
602 261
756 179
854 35
713 100
370 226
253 232
860 403
451 235
113 92
414 135
48 447
338 57
485 358
16 64
231 132
647 321
572 82
288 81
769 152
795 220
651 426
584 314
892 132
79 478
78 12
169 465
148 142
527 253
301 94
141 109
980 21
881 354
996 41
473 326
424 20
700 270
327 127
182 134
933 250
592 14
335 147
621 233
325 444
571 274
448 326
895 72
862 39
535 382
119 62
408 218
441 59
873 92
589 464
529 42
927 319
193 174
768 212
384 218
596 438
181 315
255 226
776 33
712 164
580 338
468 151
224 10
226 16
293 232
907 147
138 345
600 233
618 492
546 1
105 151
754 34
600 273
336 45
310 23
146 203
514 358
848 389
81 411
965 469
467 439
35 464
551 301
458 211
133 205
115 384
458 216
378 474
603 248
582 109
58 29
562 290
371 280
350 435
170 81
626 320
436 165
7 283
344 121
789 304
535 253
205 310
153 51
825 326
494 44
170 326
611 488
138 388
713 147
344 29
717 136
957 302
771 64
138 49
123 472
662 387
154 280
826 306
927 247
235 485
110 168
555 178
589 291
834 289
636 203
479 486
975 141
488 476
574 496
23 286
526 471
927 166
849 133
271 479
552 348
528 177
820 329
473 230
646 284
390 110
764 396
689 201
230 117
531 230
478 22
542 94
221 189
217 173
12 361
112 11
829 350
407 454
523 441
944 121
466 265
329 300
255 378
187 146
799 38
178 281
649 405
852 153
909 150
943 270
566 217
203 163
590 203
354 197
648 120
266 70
766 483
954 133
797 3
468 372
31 331
303 174
782 115
394 222
319 333
301 146
963 156
680 277
700 312
633 114
158 184
21 373
291 143
350 213
610 328
308 9
305 375
561 282
104 321
890 135
216 166
265 319
191 339
960 269
54 31
291 243
545 156
71 406
820 402
383 471
444 114
765 261
32 3
389 305
375 397
341 307
392 35
591 134
764 126
741 135
578 171
155 449
834 263
558 122
162 370
700 167
581 326
177 416
655 2
3 272
883 421
33 230
673 275
819 264
731 84
2 450
230 494
832 424
580 431
908 51
157 112
730 389
834 129
164 336
646 109
403 42
451 173
530 474
914 177
266 213
670 481
3 365
999 215
712 191
870 293
826 303
679 142
683 53
549 393
627 461
511 18
368 300
430 136
679 188
3 484
34 309
691 288
286 112
906 4
966 99
321 184
300 65
629 431
548 402
600 193
749 312
785 375
461 58
704 496
606 97
860 392
3 211
436 180
675 499
2 483
545 325
83 142
597 104
941 401
99 10
394 304
993 487
36 276
22 160
687 143
723 6
433 50
837 405
77 35
273 411
369 227
183 375
837 408
267 261
583 429
890 275
871 205
104 160
861 275
177 274
326 170
717 299
704 61
980 205
319 434
466 315
122 263
394 84
793 425
141 460
549 343
254 427
499 79
108 86
890 375
830 398
98 371
562 435
686 480
656 254
396 161
920 252
406 73
473 112
696 342
332 200
869 425
307 22
279 311
312 96
785 35
668 359
12 247
509 454
422 316
874 22
74 203
585 344
397 92
498 450
818 9
231 59
602 412
948 444
743 491
306 101
238 166
158 311
607 500
92 473
986 31
420 309
652 250
688 290
304 208
327 417
966 479
515 193
838 490
854 407
954 410
959 88
971 132
548 235
954 33
128 187
487 39
863 240
958 196
740 367
365 260
599 158
476 10
139 337
700 301
485 452
507 64
422 125
740 250
870 443
656 457
711 370
60 209
554 271
353 138
534 430
851 42
735 149
215 60
339 302
339 441
82 446
528 149
127 355
330 291
933 74
846 81
220 372
874 361
625 185
726 374
142 413
62 303
937 192
585 294
634 480
941 456
667 89
673 69
789 500
559 477
332 92
189 421
314 124
130 271
989 93
502 408
919 328
332 241
188 417
513 76
824 338
721 348
44 403
131 426
402 363
274 486
438 295
881 195
933 132
59 165
338 434
635 446
499 264
26 10
252 283
463 477
990 425
926 71
798 245
621 28
241 320
356 448
408 303
650 322
298 484
922 224
150 477
608 397
800 389
537 216
675 78
427 268
493 364
834 31
294 293
394 387
866 330
716 445
178 69
753 427
913 342
15 82
680 315
439 373
20 448
293 419
783 416
930 425
977 358
755 90
680 59
232 215
113 427
295 13
465 372
981 337
560 450
661 326
966 374
675 189
638 267
751 131
686 242
26 127
366 190
28 59
883 381
448 430
104 225
67 142
768 319
655 82
305 126
217 494
827 405
395 364
414 248
400 318
272 325
303 255
867 217
26 207
615 423
887 151
238 414
36 273
368 345
627 396
496 270
70 82
864 488
209 120
390 370
761 399
212 266
879 395
966 377
152 252
366 180
924 203
199 265
239 303
324 214
280 215
758 357
640 34
459 31
258 380
889 192
386 245
958 492
401 333
431 187
840 367
407 474
467 110
950 124
743 79
481 17
530 177
2 443
375 250
773 271
216 273
516 351
856 183
744 259
52 62
313 239
556 178
793 456
953 103
737 417
646 403
461 175
822 127
417 160
758 82
752 271
285 130
156 61
786 489
583 151
543 275
942 205
796 264
358 103
352 114
84 149
77 31
670 435
134 109
474 219
301 336
120 423
202 484
975 116
821 396
270 79
116 370
930 335
89 157
718 223
165 278
800 401
198 169
294 373
974 373
928 409
546 270
384 450
232 74
422 386
638 87
385 285
545 448
170 457
994 342
271 450
424 434
973 332
200 479
300 394
383 371
811 96
71 97
832 399
173 339
226 320
944 201
283 335
137 311
837 478
102 258
195 246
692 124
973 182
308 75
438 230
930 258
438 227
479 482
534 147
353 422
397 446
479 328
105 128
728 467
387 381
34 296
449 403
63 94
451 267
775 25
237 441
719 391
407 324
410 41
338 399
634 171
228 369
13 11
771 386
685 125
556 229
443 301
774 40
164 291
340 480
888 348
8 416
382 334
595 489
531 347
878 188
406 135
291 272
347 249
984 163
909 198
364 162
14 71
694 103
150 366
852 295
963 19
845 371
85 349
160 402
543 424
565 376
592 66
440 417
314 490
226 339
828 303
109 399
462 355
510 369
712 174
484 262
350 463
620 352
524 404
543 319
177 249
595 152
646 422
811 144
778 139
761 123
406 259
373 238
535 359
309 440
67 272
11 10
428 61
990 231
927 172
465 78
196 252
942 32
553 360
820 371
634 51
636 53
135 87
17 51
10 240
955 248
966 422
490 246
607 145
390 209
50 24
930 91
392 318
362 364
829 242
166 93
809 35
677 493
39 14
185 293
696 107
97 52
693 86
261 254
330 2
37 315
185 39
220 352
591 284
394 320
521 136
828 385
260 355
493 136
673 469
302 496
434 24
162 441
59 432
942 399
70 371
931 407
153 497
902 429
649 438
357 402
210 308
67 399
977 227
473 5
124 82
72 267
97 7
361 331
410 329
436 120
331 443
852 170
305 380
821 472
454 24
352 440
4 230
424 365
980 318
787 447
11 188
484 294
586 27
683 464
621 351
924 439
651 365
360 118
526 376
105 207
924 239
258 93
546 77
721 91
321 251
388 142
482 326
806 343
837 5
903 414
99 273
870 451
595 234
799 93
230 373
164 438
10 231
741 347
7 226
65 465
81 101
8 95
217 237
587 258
815 318
572 81
782 77
19 334
763 103
292 263
362 465
687 48
692 104
243 15
92 260
839 451
376 396
163 139
429 365
657 460
517 295
26 193
140 442
397 340
783 476
744 128
402 446
646 498
982 411
990 240
36 461
710 92
350 118
146 437
860 356
130 450
970 218
380 306
173 257
312 302
317 311
841 12
356 317
293 327
926 163
989 494
604 317
627 9
180 200
37 478
785 63
398 304
235 321
532 305
414 108
351 130
58 20
52 71
765 279
163 152
597 322
27 74
96 18
820 400
73 32
692 81
8 38
136 180
401 294
161 404
926 289
386 311
727 465
624 287
699 237
70 169
101 301
673 108
339 458
797 44
270 452
751 393
867 38
299 311
591 277
726 143
303 293
567 412
80 465
588 469
762 300
112 149
577 469
279 50
694 233
352 295
39 255
636 388
230 22
126 10
957 366
467 390
671 320
326 78
903 290
755 258
87 278
665 446
193 147
975 183
51 143
557 87
683 189
546 367
495 155
133 168
685 108
408 344
687 270
377 31
13 163
718 118
338 187
389 488
149 109
674 120
835 190
766 432
534 452
467 463
593 301
121 253
989 4
352 29
538 248
716 71
259 261
850 346
711 245
223 283
676 84
71 298
998 82
615 419
956 199
162 135
986 30
170 311
117 9
883 298
946 61
617 78
519 214
307 63
934 371
390 417
36 250
640 486
25 225
20 216
344 35
176 168
667 115
643 468
346 28
367 334
160 220
639 8
705 105
24 222
266 189
393 54
523 243
639 278
934 234
180 69
126 20
838 178
159 31
183 427
985 422
952 146
963 439
620 397
759 469
719 101
495 28
14 436
463 149
105 100
271 423
575 303
759 167
254 108
519 456
714 469
376 5
566 72
667 134
680 357
655 296
892 307
944 416
319 384
211 7
857 202
115 311
963 319
731 441
315 231
332 272
442 452
891 44
919 277
117 425
220 80
397 28
821 276
465 88
654 294
155 312
496 165
78 118
388 97
563 261
691 144
718 65
855 315
931 257
502 256
689 136
922 335
20 61
569 272
440 479
648 145
713 8
402 396
298 271
171 197
807 500
834 276
324 121
720 74
932 317
586 330
289 293
751 470
593 242
977 386
785 230
209 490
336 495
740 133
451 396
918 255
46 481
976 383
332 433
87 320
360 351
226 150
357 126
950 410
213 375
670 38
946 182
528 462
504 127
453 438
739 325
514 485
892 484
134 48
453 194
287 227
710 437
256 195
861 66
46 160
10 212
53 476
900 382
75 273
731 207
267 205
897 91
125 181
993 239
101 184
930 301
932 44
511 108
292 271
303 249
847 300
145 463
312 275
156 78
604 210
559 495
688 154
192 432
200 213
23 432
455 30
537 355
915 100
323 348
732 12
713 14
441 492
810 288
414 341
753 223
148 141
565 203
3 335
422 288
468 30
691 199
555 155
579 161
412 299
736 96
753 382
656 404
198 474
229 301
108 405
262 472
22 12
353 496
283 123
915 303
940 161
736 132
539 455
894 223
876 127
371 244
316 171
227 162
769 60
655 70
925 28
787 182
824 345
561 491
376 223
531 323
906 209
929 274
328 154
849 253
47 147
883 136
161 498
49 237
86 147
376 115
175 99
960 416
431 241
859 260
916 170
662 398
940 359
70 122
625 306
344 163
942 497
954 69
811 310
282 281
364 207
708 410
951 333
946 438
1 382
946 327
315 323
230 280
897 372
992 126
912 290
808 70
860 398
302 295
569 383
612 147
96 289
1000 381
127 277
441 215
975 23
553 170
766 373
690 426
911 87
560 190
453 317
204 292
382 146
672 18
520 320
260 394
60 24
631 408
358 302
673 418
74 2
443 218
245 337
26 495
401 424
669 169
295 422
24 351
371 115
842 395
530 53
976 281
312 117
11 323
80 110
400 422
301 232
409 357
510 60
754 348
62 377
245 373
264 471
292 474
970 259
623 36
246 341
41 273
190 355
584 414
511 230
911 303
940 204
277 422
97 216
923 51
876 21
246 66
969 158
565 89
603 109
854 4
96 272
271 36
316 99
823 418
649 19
29 341
556 490
902 203
325 306
111 373
102 7
661 462
798 3
928 328
977 274
408 315
291 262
7 441
590 292
232 29
275 163
105 20
996 237
172 444
296 162
429 285
282 67
510 230
923 355
999 25
77 442
187 441
821 54
128 60
194 453
347 391
949 175
22 26
387 173
6 341
891 441
517 462
239 9
845 492
295 394
929 218
173 377
126 302
458 222
39 170
593 179
735 103
15 397
196 248
138 100
354 42
772 129
548 281
77 220
749 324
648 124
396 149
814 424
190 275
756 165
679 250
530 146
995 218
596 499
573 280
939 404
197 151
383 40
226 324
182 163
335 253
496 379
614 262
831 5
376 190
50 111
517 483
32 107
756 238
597 479
629 417
763 43
546 222
951 318
786 375
221 382
749 261
134 321
324 204
336 118
713 327
455 118
554 254
407 396
680 123
704 163
374 157
860 57
447 266
481 431
995 420
141 499
167 282
640 440
801 325
722 343
260 423
869 70
322 152
242 421
457 284
385 204
347 204
766 63
974 242
761 180
151 150
172 211
798 204
871 55
850 179
664 336
106 165
971 179
884 469
409 171
813 84
889 85
619 462
296 256
234 67
361 191
81 459
825 296
879 368
468 312
808 24
118 330
375 196
219 487
834 200
58 212
501 341
246 118
793 39
545 410
362 108
630 419
146 442
890 110
682 67
850 186
543 317
320 138
218 109
855 362
300 42
621 189
307 325
267 439
1 246
892 376
530 187
701 148
238 401
442 87
508 48
220 478
454 224
790 150
822 453
902 2
936 398
812 323
48 260
544 16
910 99
996 84
935 77
487 487
779 336
833 236
690 12
560 320
472 109
326 336
400 228
162 432
932 372
626 417
573 322
452 144
715 315
797 40
810 7
680 377
722 456
701 150
591 111
636 171
58 42
9 241
200 389
220 6
7 271
339 348
762 141
144 445
143 315
516 332
417 156
757 85
554 168
961 494
607 453
993 317
205 296
202 492
499 341
443 404
412 105
508 74
525 301
559 372
452 222
656 123
49 159
975 207
290 84
812 16
165 95
957 374
437 345
547 290
608 447
977 137
929 89
972 129
804 336
413 201
433 364
1000 155
33 102
371 166
479 21
732 38
722 52
637 285
810 368
970 417
867 19
751 41
871 139
852 126
573 237
204 42
407 271
615 248
723 25
763 215
198 496
483 465
767 288
923 321
910 248
676 232
648 323
475 285
82 376
547 258
837 444
214 330
226 176
846 301
507 421
754 432
58 231
106 275
821 223
484 82
856 68
152 172
353 79
640 360
939 122
741 293
631 355
502 328
273 15
322 289
804 237
723 227
200 151
924 28
434 228
773 495
296 117
166 254
417 460
517 89
348 403
396 78
23 317
913 127
463 428
950 269
64 371
835 335
297 383
541 359
191 128
24 317
410 387
769 71
306 91
161 124
747 450
759 41
110 132
69 148
243 258
922 371
768 176
32 321
554 259
843 485
704 203
249 130
912 70
290 293
516 53
406 441
106 194
354 183
23 55
376 138
589 50
709 308
429 458
41 78
704 312
996 196
619 182
246 348
42 65
343 172
576 376
868 348
926 272
990 88
922 293
19 174
10 54
63 368
590 475
368 325
14 280
449 365
613 250
591 209
577 471
819 36
44 46
944 478
239 21
755 415
1000 8
967 160
547 221
18 417
826 439
301 111
282 102
931 441
393 46
641 283
820 94
894 289
512 1
813 296
608 485
19 403
480 313
968 327
769 206
890 402
744 15
908 314
837 424
452 451
699 160
538 466
609 438
24 418
601 133
435 92
126 407
433 367
616 277
552 237
779 369
274 346
980 321
41 138
539 90
304 499
300 135
200 482
312 215
946 483
965 287
550 484
421 236
929 202
695 419
31 278
212 269
50 350
204 428
331 117
779 150
60 271
998 468
331 383
827 336
678 127
287 260
680 420
649 123
721 381
33 213
497 167
230 172
375 93
116 360
191 111
480 359
575 26
626 110
413 52
586 419
519 66
283 303
130 176
499 422
304 454
980 85
823 448
532 46
690 334
446 96
814 310
95 170
983 105
48 464
710 195
550 282
50 98
701 120
983 354
189 192
454 50
914 416
666 495
343 60
716 408
958 64
176 232
610 244
702 427
159 386
269 351
211 448
134 98
317 367
106 387
471 192
228 377
246 37
460 8
423 90
456 228
444 150
34 221
542 443
429 486
886 185
916 385
595 142
913 19
942 157
146 33
626 387
966 218
419 236
424 16
61 212
194 288
730 190
926 452
937 332
144 356
187 125
259 489
255 293
813 392
416 51
532 381
468 443
286 438
906 252
556 378
79 206
494 157
672 473
171 427
374 179
107 191
49 420
688 185
280 32
539 326
611 66
473 346
341 230
90 477
212 275
637 278
828 55
205 484
158 244
868 475
965 455
860 220
495 240
374 323
287 195
78 8
430 171
960 173
122 321
561 354
873 453
228 229
192 446
452 495
106 197
900 255
349 337
227 253
575 207
267 80
425 319
699 205
807 291
765 433
216 493
161 169
455 384
671 74
586 269
646 495
466 483
929 252
700 201
310 174
371 395
103 462
374 145
950 259
707 299
442 27
562 226
637 95
557 118
89 483
957 116
475 366
219 203
400 281
722 128
496 450
999 333
394 303
347 117
664 93
129 26
326 184
630 200
13 387
809 161
389 453
780 283
913 69
378 413
538 485
649 403
452 123
603 2
436 265
86 384
951 206
99 254
532 459
421 303
598 377
872 471
256 310
66 268
211 143
987 123
349 334
248 12
125 314
360 337
307 337
865 295
205 177
677 217
958 238
465 122
979 475
437 459
158 209
353 274
903 205
120 293
622 127
817 146
745 222
477 225
865 339
490 404
101 160
954 104
282 233
828 451
28 169
229 489
344 131
712 206
804 450
883 339
925 491
184 198
823 124
194 7
749 416
298 467
595 392
51 57
964 485
102 283
894 25
1 378
843 388
747 173
12 152
415 128
609 380
710 266
149 376
781 477
379 43
155 445
924 184
122 169
245 363
415 317
11 187
540 396
468 117
590 485
903 163
884 482
805 78
285 148
797 411
539 381
958 23
463 1
605 426
351 490
147 64
422 453
92 379
663 268
809 286
906 157
137 411
489 176
426 195
334 347
122 241
801 421
468 486
150 500
439 88
953 19
473 114
312 298
131 401
218 169
242 189
892 406
654 404
462 435
167 172
808 70
758 455
931 248
675 391
679 12
506 216
175 211
809 366
805 157
406 131
85 230
922 450
275 155
674 228
65 442
502 276
194 224
623 222
325 469
124 26
42 309
168 434
296 473
520 2
151 42
473 27
175 33
783 18
313 26
702 48
593 330
688 102
508 424
914 287
409 144
141 4
764 367
69 446
624 164
754 30
132 166
171 123
429 114
545 174
795 346
520 105
370 185
763 74
297 483
111 474
640 285
835 271
900 364
134 34
501 99
438 289
62 446
619 33
822 463
706 25
44 146
195 219
752 48
547 443
641 421
974 186
508 358
95 96
37 181
567 55
297 44
283 446
784 3
220 449
358 22
546 6
911 159
71 288
126 411
639 290
149 458
545 403
533 283
592 79
293 405
857 448
417 218
780 492
676 159
655 138
72 186
126 380
780 321
778 290
912 221
421 24
963 20
147 184
266 429
777 149
316 322
771 229
294 295
200 252
643 440
888 450
32 303
288 240
566 272
224 279
560 377
56 379
755 235
384 164
291 124
885 60
288 423
359 490
395 399
598 375
124 76
163 309
337 176
657 5
714 354
600 386
550 231
488 420
730 432
142 59
220 145
929 397
920 404
952 403
215 111
808 340
88 500
8 219
116 58
638 423
202 114
375 325
394 89
442 41
622 147
588 162
701 223
705 71
454 161
161 219
283 461
446 452
37 347
229 263
529 159
416 70
539 300
305 382
638 209
425 461
697 116
169 343
408 43
790 324
666 295
881 266
158 436
909 348
1 455
915 100
770 139
960 351
764 364
421 425
855 304
725 229
754 281
615 52
50 242
542 222
860 110
286 449
431 474
376 489
545 367
435 469
61 111
17 497
449 461
40 400
652 39
411 221
121 283
936 316
366 411
101 162
873 111
831 252
724 466
806 166
763 328
442 186
657 144
119 69
695 451
758 329
667 30
333 144
658 470
424 240
126 94
386 369
74 9
253 239
690 256
940 499
280 286
867 144
843 258
577 455
137 393
452 315
567 350
123 30
757 392
651 8
131 288
101 396
360 218
572 50
12 143
301 434
254 391
924 318
938 426
482 373
939 52
282 36
54 23
194 240
340 301
474 381
215 443
728 122
163 352
86 402
408 377
192 247
372 499
108 257
289 75
709 367
796 397
688 251
857 26
739 463
862 154
25 199
241 462
531 258
445 231
376 94
623 163
698 42
855 167
194 90
277 85
913 310
937 98
391 295
740 290
734 218
306 108
724 380
105 202
557 340
698 378
305 500
435 157
685 249
453 155
241 24
311 288
529 403
120 29
394 82
497 199
936 349
190 27
266 420
733 471
632 232
946 18
15 72
654 470
799 128
447 427
587 344
834 470
777 175
635 266
980 104
951 88
883 30
561 476
633 392
82 33
364 130
745 80
931 343
121 165
470 268
652 151
851 414
320 371
653 484
302 91
716 431
960 249
893 263
998 223
83 450
143 103
142 52
181 195
760 421
707 258
907 84
412 195
936 174
273 183
939 14
475 486
447 213
411 423
67 379
612 240
160 324
935 349
138 350
873 198
488 494
315 220
101 319
602 134
23 144
229 52
196 280
36 138
300 174
223 308
286 34
43 201
685 321
509 395
304 201
970 127
383 326
880 472
824 47
629 244
575 421
755 75
766 123
401 436
686 120
345 53
214 216
464 484
764 329
949 315
371 110
151 223
994 263
367 391
630 168
432 3
339 182
450 305
772 214
515 473
295 434
759 260
295 238
578 171
781 312
368 137
856 412
629 431
154 225
774 306
854 409
480 94
339 180
942 246
121 49
855 44
96 76
478 484
753 244
622 45
404 313
912 343
53 268
147 397
974 213
127 498
611 328
774 404
884 246
894 356
498 454
431 149
344 85
544 235
595 203
362 93
580 454
757 366
39 169
979 473
846 304
487 204
798 309
846 20
562 292
997 46
371 85
782 490
573 78
33 473
610 415
94 6
539 433
112 95
673 432
929 211
447 154
944 110
95 64
758 234
242 304
975 180
988 424
979 472
597 251
51 115
366 6
648 178
791 27
214 371
594 204
336 369
731 499
620 360
961 136
107 43
76 350
582 76
380 280
625 202
512 376
735 28
214 431
385 204
128 92
334 486
222 460
66 407
935 149
668 47
636 392
16 142
497 74
604 4
358 293
852 493
697 306
255 32
285 474
194 384
623 61
775 188
760 2
520 486
578 496
272 219
144 30
144 435
217 197
858 187
514 428
327 359
811 469
810 404
493 245
500 222
631 446
868 178
191 461
626 474
460 9
648 378
287 75
679 25
233 22
193 302
223 482
244 18
794 374
632 369
530 183
255 422
785 336
977 107
278 296
848 440
661 234
43 476
650 380
339 220
819 427
488 480
638 76
331 390
866 106
982 108
873 57
946 395
5 400
498 84
569 294
178 156
543 295
735 421
599 128
376 31
533 368
655 301
697 162
847 99
531 329
154 256
778 462
587 253
486 383
858 166
389 69
140 97
750 397
32 74
282 327
571 170
214 381
634 304
118 19
581 473
573 286
475 398
283 322
728 310
710 110
513 367
846 66
789 442
206 320
277 247
627 316
239 55
982 78
401 476
398 254
854 41
58 296
298 75
207 387
446 85
435 483
954 153
831 55
713 73
117 423
839 208
343 260
223 307
238 152
958 260
817 303
520 37
330 257
13 281
151 239
352 300
705 481
700 441
14 136
28 74
970 143
124 175
922 153
899 248
665 371
343 52
438 430
961 397
18 147
38 460
496 286
587 379
841 165
303 105
846 237
385 234
534 497
564 322
636 318
174 404
225 84
623 200
103 225
92 261
32 20
823 12
404 263
825 450
449 169
346 468
561 113
964 43
857 78
626 275
537 405
487 4
164 215
895 5
435 109
359 471
560 8
849 290
820 235
267 345
413 209
442 310
174 348
476 197
271 58
806 111
462 392
806 482
7 268
289 223
839 330
739 73
75 323
628 100
470 95
651 97
900 78
237 362
479 355
165 91
388 185
632 364
26 86
633 473
563 326
967 61
502 463
742 316
330 252
704 199
860 63
242 443
359 146
408 308
54 372
804 327
101 290
665 19
626 120
999 316
920 49
120 181
392 413
406 153
358 164
652 300
277 187
837 323
519 363
662 286
258 469
699 209
585 277
493 14
440 460
469 52
448 174
972 196
256 413
303 237
474 3
79 68
791 345
766 382
390 256
738 386
228 43
686 242
295 131
739 240
429 394
135 426
797 17
777 173
626 22
535 428
275 294
621 120
252 241
889 465
264 431
407 152
887 316
134 137
969 414
57 42
333 42
625 387
901 475
822 134
812 129
736 287
638 136
948 28
292 409
597 123
713 70
469 82
936 343
942 307
624 267
130 219
674 351
94 86
972 18
423 51
907 451
71 78
723 210
759 316
323 209
812 108
593 436
759 125
858 3
539 368
561 408
675 20
757 97
232 377
507 197
929 351
784 33
235 269
970 274
785 462
541 332
989 376
38 367
139 184
917 5
889 138
360 134
437 149
665 382
257 318
280 142
720 415
99 247
455 31
99 163
790 396
919 295
113 86
466 283
505 116
159 388
483 141
884 321
195 265
265 139
921 169
349 59
206 74
288 295
491 238
115 291
567 2
215 442
700 101
574 179
784 230
412 15
346 102
275 420
759 476
204 127
505 394
54 233
829 115
569 206
633 466
300 151
940 116
966 448
797 485
342 128
933 289
283 80
33 450
958 463
968 347
910 433
822 161
13 27
64 277
939 337
700 497
220 312
766 29
492 315
984 7
30 284
941 8
161 104
631 315
639 60
695 393
593 474
218 338
127 384
414 253
181 373
46 312
722 423
932 483
892 373
370 138
180 377
829 57
218 437
758 33
305 398
843 85
244 494
568 499
580 321
415 187
853 328
554 99
932 210
358 175
49 279
598 54
615 214
649 57
405 257
563 143
225 242
346 346
635 65
278 420
835 437
635 178
300 45
639 248
260 477
992 254
626 21
838 132
438 184
482 84
455 68
727 384
947 436
170 50
320 87
288 82
637 407
672 278
645 191
246 350
397 109
817 322
66 411
797 453
37 249
442 165
883 206
460 202
303 401
311 27
634 288
66 165
12 485
156 491
792 266
854 201
313 65
844 435
594 94
707 302
77 454
676 282
984 331
507 243
405 138
798 60
691 225
614 56
266 3
747 276
429 96
471 301
261 384
118 102
218 38
337 164
506 419
360 369
836 435
141 359
646 225
690 383
391 283
462 344
990 371
137 44
23 334
636 351
776 183
713 284
725 44
983 231
554 344
701 314
296 335
167 102
700 317
77 184
410 174
675 320
52 77
51 158
822 464
420 258
672 158
736 396
685 237
474 396
731 5
939 457
4 177
923 229
524 149
82 106
210 440
847 479
604 188
243 436
856 294
427 127
45 81
323 307
447 73
171 256
829 257
343 93
380 437
276 201
355 33
857 242
30 449
104 20
79 348
498 148
938 465
789 273
275 305
644 337
143 335
965 110
921 36
216 469
627 416
626 179
710 360
587 141
893 398
103 344
189 278
633 18
659 442
171 208
18 259
899 261
686 135
278 461
360 351
889 284
728 246
902 31
389 99
487 303
602 313
31 55
930 281
498 222
392 21
769 150
217 451
319 307
770 410
64 15
784 292
727 191
446 386
567 326
474 296
804 183
743 47
609 460
577 235
971 390
295 324
311 21
91 465
165 154
871 430
808 181
108 29
126 297
328 122
613 335
326 76
816 187
681 282
87 71
689 97
965 106
301 303
54 444
144 467
733 436
245 288
528 71
530 305
512 162
701 69
564 35
589 141
833 176
563 27
247 101
104 401
419 404
129 236
790 246
160 198
347 241
930 410
769 500
530 447
342 298
673 171
477 103
187 274
195 463
318 120
402 466
942 261
309 275
279 231
839 457
204 479
363 108
745 47
612 488
867 355
105 170
132 199
937 422
325 334
274 314
655 227
398 288
603 368
639 160
29 223
53 311
622 208
168 30
290 279
666 255
585 10
323 198
750 253
63 76
492 257
473 450
66 342
608 388
770 492
444 455
441 476
815 244
41 361
182 453
947 14
73 227
6 471
545 254
979 260
503 354
455 60
227 42
823 288
942 294
408 480
793 8
357 82
42 396
372 493
854 277
879 488
505 30
734 374
356 161
52 475
439 246
264 335
1000 217
978 213
836 234
760 258
782 121
402 460
177 108
804 236
665 355
30 266
166 497
654 434
369 200
983 484
582 447
249 256
290 54
368 97
260 142
352 330
542 49
980 359
200 428
809 302
128 490
125 240
791 160
933 444
229 101
568 197
174 354
23 70
625 85
608 247
716 152
993 277
234 500
278 353
618 103
138 479
787 443
671 130
647 258
20 274
613 48
383 356
990 67
480 108
563 294
94 297
234 103
771 259
50 134
264 348
471 87
827 135
216 425
955 486
532 230
644 374
229 179
788 27
336 391
792 274
697 121
6 209
379 38
56 16
213 66
685 76
331 33
191 214
22 101
48 184
773 220
815 272
816 85
920 108
48 331
418 53
647 457
304 275
244 201
498 362
978 363
72 97
299 301
825 240
842 89
798 428
231 75
824 72
143 309
702 323
493 98
92 7
67 146
727 113
456 41
30 192
631 46
736 300
9 451
607 314
346 460
838 253
298 343
246 457
13 349
835 224
572 104
835 278
641 487
799 171
171 208
867 480
488 87
771 402
626 249
697 116
231 239
580 20
896 279
933 191
258 155
802 193
714 466
945 82
84 229
823 224
77 58
502 275
899 414
48 446
847 161
534 404
231 403
219 417
479 338
22 111
742 129
867 437
881 3
3 218
144 78
884 376
395 146
711 207
243 406
225 307
897 360
841 13
108 382
730 462
32 178
929 137
361 129
76 496
567 237
871 60
598 189
847 57
875 236
553 481
931 396
736 185
536 217
619 357
654 60
870 1
71 163
353 263
40 463
257 232
795 394
693 61
256 174
360 29
798 289
366 384
404 171
800 109
54 312
153 429
696 274
176 208
644 357
272 65
739 394
16 340
120 402
892 253
958 96
851 377
979 472
769 279
137 469
415 437
271 423
8 298
89 314
968 83
331 30
948 194
445 138
744 340
630 393
176 244
576 471
530 19
761 157
665 106
634 483
361 354
541 34
30 114
721 422
345 458
240 151
921 380
179 364
611 83
942 202
531 221
14 269
389 198
21 415
234 386
431 357
200 374
745 332
347 101
510 296
189 491
14 397
15 433
993 193
570 247
206 367
225 451
205 412
198 486
164 24
941 215
95 191
274 338
300 205
367 66
407 84
164 166
825 145
334 239
969 201
352 335
101 129
807 277
115 276
512 284
130 462
531 269
225 37
707 416
152 247
782 390
392 389
714 300
376 475
263 262
222 416
474 184
840 431
110 121
741 191
665 320
389 412
29 303
449 398
403 106
777 254
563 35
479 265
63 34
904 173
470 45
896 319
230 454
166 423
244 483
112 439
774 151
939 260
744 148
429 233
50 235
184 223
961 39
710 223
218 339
173 224
903 210
168 345
697 135
352 453
603 440
285 254
735 161
315 94
264 213
858 453
114 455
913 358
512 19
161 224
967 13
483 320
789 455
246 381
733 47
204 75
862 148
353 325
228 63
579 207
458 488
457 421
845 251
35 64
30 171
938 182
880 184
661 354
641 58
369 268
978 335
59 47
976 343
436 294
711 397
324 92
478 39
983 456
272 431
152 448
612 268
179 466
306 306
69 422
250 373
807 300
853 473
785 328
182 336
688 255
425 34
678 449
756 9
221 328
207 135
399 322
635 161
51 397
377 163
596 325
688 336
861 223
559 265
780 81
999 18
293 255
394 170
298 179
6 122
988 259
242 329
438 201
759 281
756 249
6 365
667 64
311 456
866 238
79 341
976 172
227 358
467 297
420 330
370 386
222 178
133 427
752 308
468 303
923 133
523 250
888 353
234 346
753 324
183 498
179 160
834 170
946 402
457 333
88 368
616 377
682 56
535 462
890 195
214 47
349 306
617 79
496 393
782 80
931 107
209 110
403 9
346 348
518 275
540 271
764 465
284 163
941 213
105 446
594 441
936 59
540 461
330 372
89 80
329 378
44 52
371 132
78 3
37 181
586 180
27 471
595 131
159 458
839 184
785 416
581 325
423 164
279 343
987 214
704 340
422 55
570 483
125 77
313 86
963 347
75 398
256 246
510 203
552 179
496 81
548 360
349 455
997 394
633 269
945 145
159 423
140 131
270 302
961 412
997 28
710 229
192 289
602 363
219 348
309 445
313 97
400 221
179 265
509 481
946 140
591 159
56 410
92 325
186 488
400 54
801 429
396 412
422 290
465 42
212 60
804 81
972 1
376 394
132 20
344 362
848 431
343 202
776 208
420 64
641 102
992 376
177 217
670 182
534 416
282 454
762 160
946 111
436 140
543 227
51 311
415 176
246 197
652 173
481 54
797 475
239 279
321 203
357 148
713 32
578 262
516 227
921 300
172 266
951 440
1000 23
559 59
170 266
331 71
999 424
117 13
426 388
866 234
1 313
356 304
236 155
885 498
666 439
526 456
451 477
43 404
876 37
61 10
585 178
575 263
897 261
407 476
43 338
687 260
676 437
970 100
482 450
67 374
259 122
191 437
285 382
519 115
332 475
744 240
168 161
730 63
888 442
859 164
915 63
152 227
24 261
776 273
226 15
16 220
855 262
315 376
705 317
468 233
560 499
575 155
960 166
830 337
548 180
761 126
837 1
990 86
751 420
132 394
772 156
908 440
44 296
74 236
275 326
259 495
784 223
302 487
533 350
191 30
484 140
181 238
140 298
210 363
598 7
177 357
958 378
198 19
448 116
430 309
89 153
544 219
259 214
457 295
987 69
408 167
332 438
971 207
684 298
106 163
334 65
832 389
151 391
624 20
720 67
124 213
773 246
256 298
269 493
350 468
956 386
359 348
761 148
761 64
860 53
249 170
761 90
799 40
251 109
204 83
544 447
676 395
484 257
607 205
134 34
74 224
606 65
204 253
472 292
964 171
590 315
494 146
712 34
560 192
688 148
236 426
636 6
392 130
910 39
92 491
199 262
502 106
632 74
382 140
195 348
775 217
329 39
976 430
50 298
381 54
423 326
303 346
743 448
355 23
270 152
489 284
846 59
290 488
262 84
616 344
693 247
169 221
61 385
113 440
671 240
308 163
950 166
266 219
643 431
431 4
316 354
853 292
486 255
874 71
255 468
907 280
760 373
903 26
303 215
602 173
502 169
166 383
292 394
269 497
146 65
268 334
329 109
524 298
560 138
471 384
899 303
539 439
220 61
513 308
103 95
423 201
500 348
564 409
6 438
735 211
90 413
295 99
122 86
122 168
541 447
80 284
16 370
79 392
930 103
320 67
39 292
836 178
654 491
892 261
178 430
372 471
350 491
720 216
40 153
547 341
935 374
482 457
959 151
371 287
777 241
424 134
221 278
382 334
984 269
320 289
425 204
165 464
827 269
536 429
960 384
983 338
278 64
236 416
611 334
545 350
680 172
707 167
291 229
885 477
543 302
800 171
897 299
383 455
456 170
513 310
286 54
892 255
135 116
687 3
386 308
8 386
589 44
830 153
422 21
450 494
412 167
65 412
275 456
576 288
203 70
206 260
959 145
20 269
107 82
958 388
231 165
451 278
485 460
239 404
317 236
460 350
706 391
629 346
769 119
575 385
64 298
949 6
447 337
393 133
822 466
953 68
623 202
846 487
381 476
158 65
211 158
584 87
570 455
790 136
124 435
491 246
68 135
859 105
752 16
318 180
942 225
360 370
571 416
445 50
320 100
595 105
871 273
770 326
181 295
622 270
612 255
719 448
273 318
832 442
404 272
383 318
158 273
645 448
614 11
782 87
377 294
336 323
594 273
245 267
746 297
984 69
40 132
932 149
771 33
547 229
468 396
459 37
194 471
57 284
824 391
672 291
658 473
952 347
210 51
522 186
504 302
517 177
744 323
86 81
683 424
463 8
538 383
697 402
804 138
627 189
802 164
212 436
302 6
792 130
78 203
392 440
726 104
640 69
592 288
418 58
162 84
823 148
739 431
529 59
775 43
166 301
682 143
779 374
475 212
988 456
89 29
927 461
712 451
555 48
984 190
447 470
393 62
647 345
729 441
669 229
924 412
266 87
130 341
32 33
380 367
454 437
667 31
482 261
797 41
245 245
849 395
973 286
591 357
739 125
695 19
111 213
98 419
300 341
341 476
913 423
246 198
882 11
765 417
693 430
344 29
475 119
650 472
75 52
3 425
685 342
358 470
132 390
178 195
425 187
42 469
641 128
336 385
749 446
868 94
476 136
747 20
791 456
378 193
117 393
907 171
849 176
968 307
289 217
75 323
576 76
492 444
719 312
944 62
310 338
993 175
29 124
435 75
519 372
560 35
741 12
613 457
380 138
307 242
420 229
730 339
471 286
481 228
932 218
395 316
604 111
687 475
831 220
864 205
768 310
249 175
872 191
460 96
205 64
688 193
647 39
117 231
609 425
329 351
345 166
44 188
451 15
28 13
644 324
523 377
427 41
32 495
716 288
821 354
35 123
956 280
369 339
241 443
269 429
890 46
304 53
280 168
449 131
629 10
508 417
933 8
167 165
28 80
760 242
100 451
360 306
486 325
269 397
137 369
513 61
546 249
437 358
522 205
981 368
628 391
747 59
645 472
439 109
886 218
772 67
729 59
452 436
186 355
310 62
873 358
184 413
213 101
653 133
218 198
210 461
700 283
965 384
242 93
476 129
786 401
801 357
175 305
366 164
493 99
739 259
547 212
905 404
336 444
142 12
851 498
80 475
48 19
48 109
338 150
294 309
439 322
179 284
935 267
936 468
378 490
80 491
289 185
81 282
893 324
375 205
932 411
316 302
407 131
162 26
578 373
688 62
89 378
518 97
537 477
777 155
340 164
141 341
259 485
898 125
392 489
105 2
6 196
424 163
43 356
755 6
639 447
234 126
510 171
711 126
539 422
287 359
412 458
10 469
650 274
325 334
874 391
366 270
648 66
693 106
754 136
556 498
229 10
291 71
7 4
932 275
533 38
645 42
158 416
59 113
686 165
110 144
908 187
474 453
463 183
192 9
870 114
577 29
86 153
998 292
417 383
637 29
141 218
809 496
671 281
937 89
620 226
782 114
598 233
24 76
88 168
770 76
249 136
108 204
981 419
276 14
108 18
564 451
15 306
522 340
577 3
577 291
738 478
654 133
577 92
894 239
194 90
60 340
284 252
722 208
715 305
827 290
979 322
731 181
840 100
305 21
33 232
192 193
359 392
817 418
10 28
244 122
480 474
475 163
896 214
275 301
121 261
133 1
460 412
436 438
331 350
462 315
728 323
278 344
829 397
146 13
592 8
514 482
676 298
208 234
541 479
902 324
63 191
460 355
513 107
262 18
236 262
77 324
881 333
611 374
530 372
295 292
552 203
424 157
546 493
235 70
202 206
18 194
437 450
853 390
632 428
70 297
331 491
17 479
243 23
248 489
871 150
701 455
647 488
977 59
882 440
312 17
397 256
323 407
169 349
139 469
839 102
3 226
428 148
929 42
95 357
528 475
295 17
581 31
168 439
459 180
511 479
977 249
173 196
795 38
216 150
926 288
691 57
486 338
365 296
241 99
251 1
70 195
275 211
935 378
935 337
433 91
288 398
550 267
108 293
695 238
568 68
604 367
274 424
225 242
16 453
162 67
56 325
776 89
316 427
541 182
301 164
746 441
101 441
131 401
314 20
564 238
245 273
342 55
207 39
207 125
283 87
684 189
385 404
828 178
954 307
962 455
150 107
526 455
868 303
601 310
430 50
227 346
298 385
94 30
637 440
700 252
100 121
580 38
645 12
690 59
756 452
540 40
896 56
181 438
539 134
622 480
631 262
786 450
810 482
591 299
247 367
253 468
433 431
402 14
774 129
106 407
320 413
399 107
484 104
403 272
96 37
641 225
619 236
628 13
896 89
350 194
247 264
698 193
279 347
485 344
242 438
102 477
276 194
443 152
394 45
162 420
551 66
880 187
630 257
419 78
700 190
664 377
380 280
147 428
666 149
945 87
50 324
987 100
284 254
359 3
632 379
711 419
947 232
348 337
430 312
107 267
399 218
612 340
921 265
993 251
653 74
680 126
730 376
349 186
38 4
615 313
739 309
584 386
360 494
832 475
317 91
922 278
200 61
50 400
675 271
910 318
331 309
368 174
344 386
57 223
260 307
459 66
786 238
597 17
896 269
901 225
120 487
374 390
344 60
620 203
978 57
854 363
822 497
468 273
487 349
262 278
705 480
922 70
375 276
845 86
692 425
905 45
198 98
254 456
99 8
741 224
699 81
62 199
278 232
222 290
286 464
398 496
159 296
814 465
640 234
706 443
917 282
977 216
443 222
636 411
768 152
615 266
236 7
54 216
885 61
652 424
396 130
177 98
439 475
728 217
245 126
839 18
771 114
28 349
279 363
874 267
684 193
225 459
521 201
627 383
857 485
560 199
7 453
595 385
393 197
38 122
387 170
185 319
486 150
753 385
657 227
603 112
209 283
337 262
14 232
863 246
441 459
533 469
838 241
927 236
902 89
900 302
793 286
965 431
322 70
628 91
65 222
741 115
741 30
494 463
710 372
125 430
916 389
936 415
138 3
732 109
875 236
248 208
721 100
681 19
575 7
908 62
517 460
484 22
704 492
25 175
131 97
55 139
591 137
916 48
692 453
847 37
255 173
801 119
961 437
118 325
570 49
632 222
562 258
313 156
557 182
38 344
333 85
577 153
806 14
402 204
811 9
393 135
16 388
58 143
835 328
341 169
661 235
619 322
279 134
988 421
789 65
421 239
903 218
899 332
934 287
102 50
340 291
770 93
162 326
298 215
194 6
696 448
238 58
469 444
277 308
551 296
920 61
846 460
959 81
506 112
377 177
510 80
655 121
661 181
728 380
584 99
422 408
810 141
718 464
564 494
698 206
324 340
502 42
765 435
151 463
167 11
569 356
895 116
663 25
30 247
783 399
756 386
434 173
593 300
552 353
66 209
215 456
912 190
117 332
410 420
657 353
932 121
977 450
313 307
802 234
122 215
425 186
440 496
676 143
235 59
220 77
920 153
31 388
201 60
380 210
796 499
191 446
132 113
97 37
597 134
41 179
462 91
782 494
40 178
125 365
208 129
236 441
852 220
881 37
357 243
935 407
719 83
995 140
378 239
457 150
364 401
882 497
858 455
17 32
743 6
290 87
263 299
142 205
366 128
33 140
828 109
460 107
756 413
843 35
564 325
616 274
11 245
356 26
398 468
321 461
515 386
210 262
436 435
515 80
753 428
283 136
343 109
661 449
264 57
41 435
864 279
165 347
717 126
27 307
454 368
917 394
106 49
457 44
40 483
959 232
79 495
960 170
913 270
278 22
383 411
425 346
735 84
726 262
440 337
988 87
674 471
61 400
46 56
133 293
673 466
113 277
197 36
925 88
830 196
82 371
34 199
364 478
913 302
953 362
922 497
867 312
993 172
37 498
647 296
872 68
213 486
645 287
737 82
569 440
667 71
873 493
919 475
756 244
416 74
528 445
686 52
819 135
624 443
164 162
999 484
837 135
818 222
255 287
113 496
814 478
277 157
485 337
521 120
31 260
545 119
168 262
34 277
533 409
60 335
790 318
979 167
726 462
928 432
675 254
518 466
114 159
797 293
782 307
104 341
153 346
879 234
620 17
52 277
228 192
80 477
293 347
239 217
765 218
265 451
666 118
927 10
455 141
643 398
658 259
714 176
612 23
282 293
662 368
605 483
656 245
739 75
86 81
218 335
714 279
831 194
23 263
98 474
352 287
513 467
40 3
177 490
434 18
896 249
103 423
341 154
98 31
378 415
610 306
131 50
861 221
911 153
570 26
568 30
854 162
387 75
887 301
103 477
175 259
145 134
783 248
688 378
367 218
614 359
339 262
979 220
28 325
70 398
164 198
657 182
539 34
524 373
187 368
880 157
920 377
737 57
575 358
856 71
808 175
350 350
777 140
541 29
568 72
154 76
692 20
464 259
518 375
467 92
960 375
679 380
287 207
657 205
381 222
835 478
296 475
769 406
461 86
378 492
363 151
290 416
73 189
872 419
431 360
39 41
258 442
452 324
426 288
175 343
136 264
399 169
240 396
332 125
956 199
832 450
829 450
888 220
256 354
542 148
451 367
344 105
163 145
933 495
18 360
838 316
806 360
100 46
576 415
787 183
862 30
29 73
911 63
638 373
224 118
920 261
283 475
767 251
790 12
634 225
273 368
480 45
387 338
273 337
774 215
157 333
809 84
872 358
88 284
512 334
988 37
230 400
160 471
975 20
284 24
853 179
935 458
211 30
907 480
34 98
835 183
752 407
457 319
48 133
367 113
761 143
592 118
479 35
851 340
916 33
822 115
666 344
278 483
425 348
426 22
281 214
292 407
160 316
499 146
25 51
288 252
920 417
111 324
455 466
651 272
820 490
610 174
931 41
108 494
796 157
35 152
691 398
206 179
249 47
657 429
51 94
922 106
805 350
651 70
727 320
391 163
196 169
889 41
288 414
760 249
280 190
854 12
725 190
173 493
173 167
686 484
156 72
872 283
511 217
350 224
645 50
430 107
837 423
928 10
156 439
104 207
115 259
37 196
623 460
319 48
362 320
373 84
152 126
271 95
416 368
377 106
342 441
659 405
816 187
30 327
740 418
537 32
818 256
769 252
408 405
300 246
531 229
534 450
630 220
785 56
179 234
931 492
729 103
502 59
486 472
526 193
20 483
992 90
189 148
265 181
884 51
305 190
675 195
19 261
966 150
608 384
741 321
243 108
501 476
911 276
484 369
780 261
762 90
928 449
309 483
772 436
634 249
53 187
69 96
705 145
314 38
468 499
323 216
576 135
134 327
373 464
726 44
189 138
512 29
340 383
541 386
568 425
25 183
795 250
271 388
505 185
609 337
624 26
427 83
225 208
883 251
903 235
410 244
178 382
596 413
750 366
526 59
962 8
204 361
313 91
120 108
361 418
571 324
866 292
838 164
512 411
787 174
49 406
16 293
206 7
122 187
216 78
191 283
295 499
100 122
920 127
735 368
245 332
697 108
515 326
620 278
796 287
664 346
890 494
303 94
761 478
980 121
323 400
740 419
939 163
422 131
460 478
517 360
163 370
267 123
422 362
120 325
463 326
116 347
36 221
314 126
363 213
841 315
189 416
660 402
296 221
661 382
310 468
150 353
150 427
344 134
972 337
966 280
932 477
523 85
629 11
372 447
564 85
156 196
464 415
721 249
802 345
90 198
376 122
596 194
274 352
768 232
79 389
66 199
653 138
49 297
340 493
80 196
948 420
158 21
328 388
972 54
921 162
762 229
96 171
100 310
633 446
165 336
190 362
612 213
107 161
638 47
375 497
325 85
127 494
863 373
492 29
743 487
151 249
511 453
441 46
190 203
356 465
939 195
281 302
74 34
807 352
14 228
467 58
273 409
747 40
65 164
200 235
646 300
19 140
954 176
910 382
671 456
605 115
276 384
862 456
204 451
296 469
685 59
884 412
372 38
485 241
342 135
225 107
575 319
85 319
488 34
536 20
632 229
571 59
144 309
971 278
38 331
149 225
939 90
422 500
351 421
48 236
51 352
874 449
705 452
940 224
291 489
882 1
444 261
479 409
292 200
181 423
890 119
973 285
844 198
412 465
221 86
176 116
333 214
982 266
490 182
205 248
323 331
42 69
758 366
582 234
250 119
592 247
356 338
405 266
251 87
712 154
274 138
639 423
107 444
918 270
669 71
533 235
325 181
643 173
506 441
166 54
329 455
840 315
315 89
113 239
791 290
715 117
82 259
237 155
76 95
581 373
259 261
609 482
819 485
841 463
901 456
550 342
621 423
88 388
924 53
798 229
877 170
342 106
500 213
805 262
723 48
402 191
561 470
148 241
109 18
324 296
438 464
80 25
1 69
33 436
625 487
191 214
704 414
49 78
664 338
205 147
312 11
341 43
154 494
898 215
279 384
312 227
894 92
137 483
123 265
902 129
139 227
54 123
247 41
818 190
989 53
334 166
888 22
892 451
902 209
635 62
195 15
556 18
326 48
131 48
424 213
454 341
468 186
181 341
262 396
169 306
175 353
117 130
280 445
79 142
946 67
170 391
506 169
337 132
73 117
506 7
120 441
977 149
897 357
397 204
287 153
147 492
200 312
513 300
94 475
457 43
713 99
343 267
638 435
469 237
754 162
733 98
212 308
295 333
990 310
557 2
641 313
331 14
325 83
511 393
721 131
114 287
907 416
26 205
802 229
296 201
270 123
318 15
479 498
758 376
595 193
551 478
425 207
833 345
91 396
130 76
331 265
666 208
516 204
122 175
988 294
694 99
805 22
797 402
482 25
250 465
838 233
295 329
519 493
292 160
322 60
423 472
875 52
264 344
808 229
566 100
970 203
71 206
821 454
737 358
564 231
186 490
128 235
741 204
588 157
882 336
122 461
471 157
88 500
588 436
332 334
322 356
299 356
363 2
63 96
735 434
849 286
512 42
157 80
870 204
75 13
307 454
876 64
390 157
483 442
848 429
920 441
388 271
312 482
42 170
558 201
423 136
241 187
706 418
894 230
693 387
206 203
802 299
251 411
324 456
356 40
789 470
683 50
791 129
125 137
106 95
613 102
460 420
427 260
775 117
594 224
254 259
986 199
132 357
195 125
450 486
784 283
685 409
15 239
592 163
633 205
90 365
816 209
539 199
874 160
260 341
789 179
629 284
205 299
597 318
938 403
975 136
626 491
340 299
590 164
881 63
516 399
55 273
38 9
383 337
832 369
232 494
296 289
924 376
430 130
23 77
989 22
139 246
520 310
92 399
365 60
779 470
234 261
596 313
429 69
747 149
329 197
293 186
210 329
276 402
13 146
773 230
141 340
212 110
887 214
808 166
575 238
439 478
27 159
839 185
423 33
417 408
179 283
577 227
909 150
854 185
84 131
736 77
466 288
496 476
929 5
887 266
740 90
47 136
917 291
440 288
731 124
210 336
972 94
748 132
53 181
857 499
557 197
336 119
320 378
322 42
629 316
261 62
660 83
817 443
709 181
589 228
350 143
974 111
83 424
2 118
580 430
518 70
126 281
526 64
336 201
56 463
752 103
390 125
414 265
996 355
987 183
5 311
556 467
589 361
667 397
67 108
714 483
98 80
267 153
792 320
433 423
92 345
844 155
268 228
365 261
863 278
116 479
938 49
906 55
965 170
660 463
201 223
956 3
891 163
235 407
150 500
807 292
858 246
230 86
419 344
156 273
726 72
245 78
170 155
238 442
46 74
780 402
195 292
90 233
223 404
68 467
147 418
939 131
810 181
20 340
898 154
712 83
927 51
301 318
15 47
672 239
804 61
525 320
368 345
182 494
448 343
586 85
863 94
589 341
437 113
103 188
292 39
239 50
837 481
994 365
316 343
610 140
244 75
176 154
574 114
578 182
956 475
390 341
907 248
798 405
261 463
150 229
718 83
223 111
859 83
815 213
451 368
734 412
402 11
793 166
196 36
905 276
163 245
860 143
421 305
890 379
832 102
611 392
826 75
433 281
427 27
37 184
325 147
7 404
344 216
220 449
148 252
73 329
522 52
159 227
77 394
469 402
733 356
721 431
797 6
919 156
8 441
713 429
377 409
675 42
170 493
79 422
878 102
272 474
511 249
232 157
80 346
419 186
579 2
494 432
342 69
11 405
97 404
677 425
577 88
263 328
10 97
777 334
361 134
973 421
645 142
804 327
164 193
909 26
14 271
726 305
704 163
322 279
224 447
546 479
424 320
579 345
23 234
499 260
107 96
929 461
467 488
381 456
596 174
386 292
716 349
993 291
656 387
744 107
947 56
716 226
952 441
712 254
402 68
213 104
156 440
174 459
551 500
252 93
174 228
580 434
391 372
654 458
506 46
453 294
857 169
367 129
724 496
31 291
370 210
668 99
78 321
23 361
505 343
485 116
225 500
500 478
779 432
847 202
88 145
904 324
575 177
457 479
833 227
187 274
183 230
393 305
975 98
72 191
964 134
931 228
611 335
438 29
650 73
495 248
772 396
834 260
756 426
729 394
906 85
114 97
125 146
701 111
482 332
200 49
599 446
222 464
722 284
968 273
806 290
298 149
456 210
261 242
82 212
704 322
99 219
23 232
515 434
683 233
763 287
