10000
411 581
380 173
334 900
832 504
592 996
62 884
69 647
404 735
467 15
542 447
889 387
848 997
644 305
670 280
858 326
428 600
5 117
841 292
930 100
151 954
470 383
666 248
272 175
491 744
881 423
763 770
717 873
254 745
15 289
677 955
333 30
546 251
719 729
921 623
125 267
891 137
175 777
145 187
860 895
453 542
283 968
429 150
15 445
394 175
178 175
701 225
849 815
355 252
859 80
280 81
607 52
63 52
958 258
542 718
841 750
55 102
622 893
716 455
860 83
544 987
527 121
802 559
303 451
388 780
15 991
610 489
842 763
204 101
354 58
932 763
1 336
596 806
126 596
833 460
110 422
508 289
737 436
70 336
375 363
707 419
57 437
635 574
80 366
388 97
179 569
421 154
911 907
904 441
306 631
18 846
405 756
623 594
764 591
628 837
523 633
906 159
136 552
110 971
350 481
214 254
529 337
147 625
920 373
339 199
954 709
541 202
165 34
757 822
843 210
627 252
988 999
112 397
684 623
820 221
464 386
819 196
780 65
279 820
160 300
793 680
142 698
705 21
593 861
310 299
494 74
254 677
794 855
982 935
414 97
583 771
14 13
865 953
594 611
17 287
545 911
688 889
226 620
841 702
671 498
211 756
517 120
722 112
743 253
704 981
322 574
246 974
374 953
549 959
908 993
591 481
767 84
978 239
840 654
315 554
164 864
923 333
991 442
280 467
420 897
996 151
684 812
691 90
699 450
599 55
946 380
264 763
302 353
149 547
901 137
520 788
618 532
438 574
280 290
205 555
191 153
111 466
57 725
826 284
925 408
273 490
209 101
330 400
408 912
216 38
608 560
884 523
359 731
280 430
26 68
806 97
203 38
830 353
279 383
596 629
770 384
360 918
482 641
113 565
121 605
727 342
439 572
865 784
495 350
506 257
154 341
424 719
384 229
466 647
471 12
972 102
733 593
182 399
829 639
971 340
261 939
762 497
154 976
951 503
917 930
700 821
870 826
430 955
446 57
864 586
34 995
960 589
93 907
591 400
598 892
290 709
429 71
929 945
797 735
662 518
294 671
983 289
661 398
229 243
877 510
399 818
650 871
596 880
913 851
971 793
415 353
490 565
5 819
371 536
690 964
551 571
79 428
1 239
295 87
254 929
951 233
978 394
282 334
946 671
33 610
237 857
191 131
19 707
153 655
760 525
436 936
200 315
504 711
937 652
822 83
971 265
721 526
41 775
176 236
110 567
79 23
834 278
114 491
360 839
817 707
300 575
922 82
223 303
584 690
502 916
572 726
876 409
22 346
555 823
858 585
216 77
456 586
739 147
657 856
24 573
721 760
727 753
314 987
265 1
116 188
938 827
158 519
498 425
470 306
22 812
135 544
425 617
348 451
462 963
571 802
556 426
374 256
305 534
60 393
3 775
675 684
20 586
473 116
396 283
461 675
474 418
96 433
931 508
725 426
42 628
892 65
531 821
62 293
834 798
890 198
144 903
619 317
53 799
691 329
161 860
176 379
474 725
110 730
955 979
335 976
50 454
934 534
553 89
854 622
642 833
814 456
428 564
89 877
874 479
268 128
414 940
572 1000
117 222
828 65
753 164
708 222
589 157
294 257
262 465
602 656
589 331
123 379
625 846
5 815
851 48
942 637
808 211
391 775
28 808
184 229
611 105
155 941
291 860
849 435
326 92
936 459
66 391
391 333
535 744
68 236
883 330
731 137
29 268
155 599
364 782
391 166
846 748
768 566
323 92
758 429
445 18
269 754
996 520
472 841
994 158
763 901
401 557
934 66
791 614
169 22
814 856
943 978
806 946
422 187
379 788
462 753
349 198
796 919
833 629
502 583
863 893
352 227
365 369
131 16
841 656
516 252
597 143
617 921
871 460
771 550
687 289
682 79
802 494
492 991
561 37
897 394
38 663
883 289
269 810
186 738
957 709
62 151
464 164
469 411
451 954
253 56
6 344
420 235
596 672
113 659
699 467
355 267
446 87
182 817
138 330
241 137
949 993
455 238
696 848
840 16
989 1
83 765
626 107
961 206
558 406
197 272
292 50
855 349
45 689
856 197
526 788
722 276
657 635
123 689
107 528
348 464
959 79
262 390
366 137
870 131
543 276
64 833
920 324
658 946
824 902
297 473
520 445
333 374
953 668
276 337
42 943
895 637
864 572
569 303
581 402
992 307
439 769
814 1
692 231
306 517
803 62
673 342
739 973
61 804
740 31
905 668
375 241
662 573
241 772
565 530
153 274
457 187
164 275
327 94
251 120
622 680
32 413
937 161
331 447
176 99
953 569
782 827
515 974
115 469
657 876
593 756
498 532
672 381
668 95
268 83
769 748
710 208
597 107
822 941
976 349
227 945
557 34
460 615
399 100
997 674
710 986
777 319
560 362
328 653
933 433
80 597
950 276
955 30
609 198
843 349
887 567
44 186
548 84
275 489
498 984
334 697
30 112
21 216
818 355
397 925
971 399
989 921
28 272
24 232
215 651
295 710
807 397
740 821
956 284
342 561
810 398
435 201
278 170
13 98
280 509
131 275
825 12
1 996
771 711
866 56
590 333
256 3
9 538
708 8
839 103
558 601
870 519
887 7
146 982
219 275
486 228
63 938
571 194
903 419
475 972
709 900
944 20
582 866
299 99
622 57
287 919
602 34
739 931
561 91
358 277
888 710
506 323
10 303
315 777
266 445
970 845
64 319
514 393
914 591
13 593
438 437
423 14
934 943
12 624
607 585
667 688
51 24
944 9
68 917
194 495
440 983
616 520
722 24
571 40
673 126
20 940
394 774
400 578
794 65
815 994
459 779
860 757
518 495
932 909
614 484
377 991
555 600
304 598
758 880
417 455
60 78
719 465
7 847
402 706
205 794
806 844
829 117
754 930
882 55
136 54
307 861
64 814
525 517
456 84
524 912
384 37
58 707
39 900
77 595
645 399
970 181
171 382
713 200
198 561
518 295
752 877
87 66
487 418
44 613
27 390
657 299
837 94
432 932
444 384
686 111
375 567
675 933
632 223
386 787
70 910
579 460
506 221
177 268
906 165
588 424
502 334
72 376
170 838
727 326
925 462
194 645
870 22
684 413
438 389
406 790
283 141
3 453
658 333
77 797
618 321
412 140
897 141
969 636
810 388
271 119
8 85
246 602
440 486
145 640
371 306
612 281
777 328
506 831
997 868
574 136
945 62
555 609
759 440
827 727
215 769
171 199
746 609
766 546
426 585
987 289
745 810
123 485
527 448
588 810
844 885
731 926
244 465
836 335
168 270
405 452
873 912
317 107
727 799
959 193
199 853
920 693
404 139
342 785
538 386
529 260
52 852
895 963
904 518
855 477
734 73
746 774
306 655
380 43
70 823
314 420
162 727
433 840
723 941
949 720
844 933
389 708
4 641
694 200
342 113
994 852
597 699
173 808
65 742
811 862
422 259
597 257
750 554
800 373
611 267
908 985
513 786
12 338
614 531
37 746
9 48
415 931
431 402
289 829
732 824
844 75
965 87
859 892
429 586
74 594
505 576
466 431
644 547
21 989
330 207
114 867
385 28
63 844
440 846
981 265
921 455
493 850
410 696
431 667
694 980
90 458
374 733
147 65
365 727
821 157
128 761
396 985
984 665
663 376
358 98
415 702
278 100
554 12
1000 882
924 84
74 801
464 580
720 10
758 53
839 742
599 995
516 691
636 676
348 475
722 968
451 632
40 882
479 127
603 40
509 845
232 796
129 19
592 229
574 84
390 712
257 913
322 310
535 901
868 676
54 883
527 717
519 329
583 703
233 811
999 70
243 192
529 618
449 511
654 329
500 39
411 521
843 468
738 567
756 701
407 875
706 217
148 376
889 476
57 220
277 334
881 896
39 936
272 518
656 59
609 463
591 364
473 112
851 542
378 887
280 808
850 318
943 714
434 357
421 766
752 643
382 783
169 967
263 498
197 619
402 354
197 868
474 956
507 272
566 177
554 47
742 344
74 210
433 517
19 724
507 299
242 340
350 152
567 387
816 703
322 204
373 989
943 440
306 118
728 948
308 318
357 480
306 838
238 910
876 674
313 201
69 579
381 833
14 341
556 919
128 784
948 710
284 469
147 729
775 558
631 241
422 819
661 277
669 227
783 932
4 140
512 165
562 520
304 803
237 157
402 979
160 378
655 729
882 199
897 941
101 391
991 408
290 440
122 182
57 851
429 949
578 775
590 652
970 438
428 83
915 312
150 643
406 531
304 12
944 494
56 939
33 139
867 863
322 847
176 598
229 458
180 787
393 348
305 354
810 59
452 668
974 426
626 639
889 693
40 465
280 575
274 243
855 728
596 177
961 611
39 584
475 202
320 432
273 532
195 617
129 513
354 704
373 22
439 355
166 722
287 150
731 569
977 28
379 493
798 75
679 211
712 854
616 644
413 24
75 907
577 445
507 336
394 497
99 534
979 834
322 881
751 285
168 508
376 126
950 174
375 440
981 31
974 778
4 750
306 859
686 958
553 498
52 473
116 506
174 298
416 774
976 840
418 246
495 332
462 26
443 916
509 310
404 362
386 385
523 893
127 391
25 78
4 92
408 272
341 350
649 558
702 530
276 674
557 563
646 886
7 870
266 273
664 882
514 401
291 356
587 852
285 228
42 566
594 200
746 489
174 800
606 465
570 114
904 867
718 923
586 922
564 461
357 203
584 506
909 252
813 33
143 812
470 135
717 627
765 450
770 286
1000 787
160 74
534 194
70 305
732 171
313 98
469 254
185 71
295 690
220 923
856 410
668 365
653 35
64 371
744 127
715 230
486 396
456 349
890 94
518 284
710 305
853 977
836 364
751 648
106 98
107 331
108 139
171 508
87 5
126 816
538 173
347 297
581 870
670 158
716 793
523 506
46 482
268 31
564 558
588 113
604 549
263 298
35 530
191 646
306 280
978 886
933 185
965 867
513 606
10 277
869 929
888 76
414 15
647 636
331 262
757 47
660 20
410 552
886 547
799 590
125 250
727 409
499 415
397 727
792 158
716 387
988 794
952 509
770 370
111 76
597 559
854 443
424 644
304 727
691 810
597 554
640 460
509 124
586 775
4 69
212 238
57 75
495 338
581 723
352 175
815 538
602 187
5 695
329 710
730 365
262 597
720 163
230 616
493 671
326 831
675 494
844 713
335 836
591 164
176 46
677 208
943 120
368 539
866 606
89 661
506 911
191 841
832 446
553 574
880 600
633 805
835 7
43 605
882 69
259 535
666 210
546 408
709 821
700 666
626 385
699 101
479 720
852 132
129 837
549 352
900 364
199 575
437 19
444 94
64 82
264 369
514 351
38 868
362 552
182 275
3 648
433 786
530 52
400 715
338 178
441 119
817 326
500 676
966 349
964 516
274 86
151 240
712 17
516 838
178 125
179 729
250 415
851 630
569 71
770 492
718 717
729 206
923 753
793 301
439 222
802 362
940 200
247 377
784 156
624 724
468 261
840 48
148 113
791 704
539 849
682 23
58 109
199 94
544 818
116 295
402 267
436 282
520 450
661 667
785 127
285 88
571 587
92 906
10 577
372 233
413 366
633 521
680 413
916 426
35 600
287 163
936 522
626 79
501 768
282 653
303 693
706 649
860 635
646 636
680 46
995 600
195 506
904 858
436 95
226 997
785 87
908 64
649 430
416 714
405 990
781 534
456 23
374 281
738 846
991 226
534 167
343 345
921 59
556 559
710 30
756 760
212 171
359 816
684 840
126 304
784 860
608 165
892 694
57 15
639 564
401 320
480 993
380 161
659 722
430 810
416 495
417 825
766 649
804 889
713 8
363 122
219 30
999 58
792 688
805 39
29 42
929 218
956 981
351 901
508 100
152 449
1000 177
397 456
928 227
187 414
940 595
11 597
325 55
966 380
867 393
948 696
404 436
410 877
930 997
781 571
595 700
126 973
440 166
168 76
211 517
232 174
100 670
237 316
747 397
306 955
361 603
98 486
293 812
460 911
904 312
478 337
83 939
539 533
244 960
483 263
158 34
447 611
459 708
490 21
161 426
595 264
48 520
149 65
255 140
475 588
910 604
530 517
164 139
357 937
452 464
377 750
345 204
120 823
815 588
497 608
276 417
193 443
232 751
276 245
880 296
634 835
511 957
308 588
61 529
330 651
635 988
163 428
376 355
319 562
497 597
271 134
831 551
237 285
752 310
934 995
790 63
898 232
801 859
462 183
28 243
988 795
895 249
439 343
891 723
894 240
364 430
102 808
595 917
649 238
974 615
860 439
639 131
6 19
407 209
926 91
352 320
642 146
867 368
82 699
558 452
479 921
809 184
563 998
370 507
130 408
798 493
72 859
111 96
482 89
485 307
912 256
349 710
385 138
714 876
251 854
76 590
484 329
754 367
510 226
990 222
165 557
654 177
871 691
920 458
628 992
723 864
915 780
369 264
90 860
132 707
387 324
176 91
105 842
653 888
77 173
317 868
16 101
505 303
836 530
815 626
530 936
340 993
712 920
790 743
412 59
350 203
210 781
622 817
316 496
490 68
681 673
247 158
731 116
842 918
830 124
573 914
53 784
89 216
360 91
24 812
788 135
125 112
724 52
207 535
875 980
783 630
20 719
708 711
135 331
690 473
997 381
4 542
844 54
250 461
197 862
512 43
435 148
748 588
212 122
756 918
319 643
578 704
73 460
655 53
837 133
605 823
761 361
947 638
333 923
637 62
844 960
729 915
352 812
38 192
240 131
125 547
967 489
455 828
101 198
79 613
226 564
672 233
827 284
276 234
728 223
594 757
201 268
179 812
319 498
350 889
654 375
201 907
920 176
524 944
646 396
1000 731
474 324
511 373
183 525
892 269
21 440
997 694
452 823
397 24
897 233
566 52
581 307
904 391
59 22
426 402
530 670
470 650
531 768
270 318
97 614
731 589
984 720
254 426
58 821
950 749
429 700
100 462
431 538
183 297
47 999
333 959
858 793
570 520
131 906
630 551
118 239
758 945
170 864
301 909
767 614
438 90
39 240
900 302
894 831
19 831
327 735
951 774
15 695
416 397
789 408
801 959
78 244
969 996
915 327
609 511
602 709
490 57
631 847
443 165
942 108
425 102
127 516
513 417
669 461
151 244
800 597
529 838
88 627
393 305
333 223
179 2
873 769
766 565
892 174
736 48
826 449
445 130
451 282
785 863
766 334
954 931
241 452
85 889
542 545
90 344
323 321
542 559
167 616
960 436
290 530
319 355
81 85
153 836
89 631
67 490
537 711
31 232
970 612
277 218
115 311
149 489
563 47
762 767
355 225
793 399
73 879
265 898
522 409
656 52
608 817
186 88
492 147
622 828
626 367
439 340
761 392
692 22
512 482
433 615
587 728
22 88
271 841
175 891
246 967
91 513
359 749
503 847
422 353
997 308
631 668
442 173
719 414
873 133
411 365
681 499
296 416
431 44
695 694
182 958
630 460
626 861
475 994
909 369
401 196
457 164
186 119
682 44
506 157
876 918
283 90
162 222
195 732
838 714
939 371
951 129
333 750
463 645
867 774
826 659
782 698
335 798
274 983
92 685
922 559
917 378
931 707
66 993
280 278
91 452
375 463
679 837
295 850
832 321
230 968
209 127
202 39
996 516
660 176
133 234
49 713
242 421
941 924
112 427
827 811
70 516
159 213
93 926
738 933
995 248
39 110
542 594
577 556
834 530
889 272
797 237
247 869
129 862
676 103
549 544
392 246
686 72
227 526
451 642
164 327
246 694
551 392
842 282
105 739
276 960
288 503
608 643
160 434
888 420
286 263
161 773
815 652
881 193
297 959
543 641
358 515
910 833
804 662
657 822
265 238
780 829
966 754
623 811
713 969
859 723
699 80
261 947
215 257
628 857
868 726
690 981
384 139
344 745
616 422
65 253
818 856
834 71
812 568
428 503
112 192
414 303
623 886
692 307
994 441
932 948
219 699
744 130
590 993
934 416
588 833
676 15
806 554
959 522
496 144
141 889
843 979
957 600
551 669
832 497
834 745
829 257
411 405
90 960
602 33
100 738
102 712
633 960
551 449
707 926
470 338
410 546
676 361
921 959
754 73
586 572
698 863
386 481
288 27
641 751
329 366
291 510
320 529
607 342
658 815
661 933
968 660
417 455
658 524
772 632
286 399
393 989
831 646
702 224
473 404
844 188
963 258
989 436
187 415
802 823
12 80
433 101
3 279
873 5
123 813
7 777
982 603
222 614
760 103
905 994
371 33
676 362
974 131
706 128
428 153
953 472
780 831
670 891
373 18
21 990
680 727
154 458
457 298
575 718
292 396
157 209
168 65
646 771
114 563
986 103
550 186
327 762
411 810
48 672
653 358
635 611
225 922
773 645
109 755
483 978
516 847
651 189
832 309
793 319
419 287
403 784
839 610
722 575
632 914
275 720
201 435
20 477
931 210
453 215
116 898
509 478
801 930
608 163
112 230
688 317
202 194
564 502
366 180
466 197
455 198
90 216
157 42
14 599
253 560
817 952
439 309
748 708
798 280
285 265
538 948
435 481
61 331
107 492
981 304
419 322
172 873
263 248
442 628
984 397
930 97
518 544
817 226
826 565
440 685
967 537
420 240
665 934
873 900
700 897
315 50
973 49
356 306
595 809
758 298
829 699
980 102
240 587
773 543
899 350
941 89
971 924
852 541
545 204
797 261
42 766
782 139
50 883
860 20
920 800
587 813
980 735
701 11
699 582
610 812
656 773
795 594
645 282
708 938
770 228
274 930
866 52
575 951
105 736
820 693
102 26
195 592
398 145
676 418
641 938
414 238
317 948
778 458
370 369
641 179
567 347
24 576
934 618
669 520
121 926
654 163
34 202
626 708
576 972
765 74
845 968
51 685
631 398
949 95
556 850
90 666
695 308
50 30
39 231
822 538
617 179
58 421
646 945
708 892
539 668
112 884
120 894
167 673
882 48
644 74
644 298
270 456
444 266
637 274
6 564
570 351
638 623
13 616
893 780
49 530
842 90
142 911
306 841
190 375
881 234
486 122
109 192
181 264
635 780
350 450
692 197
234 964
765 797
778 50
765 140
38 664
571 502
561 372
276 844
332 626
975 694
373 121
456 915
603 462
620 819
34 853
984 616
913 36
107 643
896 186
282 361
846 994
345 572
356 643
932 840
582 911
38 576
490 110
219 758
98 75
283 753
818 937
801 213
490 884
305 511
190 641
496 689
425 875
313 378
794 254
209 676
713 377
477 432
299 285
967 919
7 789
38 363
111 310
92 288
626 480
532 157
763 187
490 272
508 318
154 401
426 894
72 103
278 823
231 220
545 997
297 501
454 941
831 833
602 739
839 44
767 452
493 741
1 753
377 167
609 991
82 529
82 404
518 779
613 705
770 305
255 753
840 513
345 529
141 756
264 145
54 594
136 86
422 833
572 427
302 337
24 219
838 58
875 786
576 269
832 138
93 459
736 217
256 871
366 204
974 129
348 605
781 953
742 323
85 406
422 449
443 651
830 980
697 688
197 196
304 42
833 891
733 860
576 208
237 397
985 274
872 355
389 354
95 47
372 760
780 842
782 217
8 884
885 913
464 526
724 944
793 476
296 388
753 90
645 705
506 819
449 704
905 247
203 782
102 704
594 650
336 927
162 287
234 717
829 309
476 87
410 501
166 853
678 712
748 140
95 838
819 772
790 116
676 18
884 435
940 662
760 904
113 854
353 368
392 737
82 117
601 289
494 490
574 363
223 601
843 406
358 897
961 797
818 785
317 294
812 18
777 561
1000 89
3 223
428 329
785 440
846 943
237 458
493 693
202 101
950 448
695 692
147 327
749 340
126 646
494 103
645 388
814 951
228 425
428 39
742 191
744 225
104 49
317 327
207 47
267 70
665 306
493 204
458 730
33 755
88 288
404 879
323 562
281 287
138 792
341 714
931 135
633 398
621 351
300 34
717 646
14 176
951 879
956 559
566 861
690 302
858 956
772 465
68 710
440 929
205 726
229 66
910 496
849 172
942 424
181 123
385 739
722 233
176 532
335 777
29 637
633 146
374 554
858 109
382 161
587 145
686 416
107 320
879 766
817 666
394 498
482 547
854 731
700 964
485 284
411 287
685 126
803 359
352 639
452 463
50 399
44 109
618 711
523 106
315 594
995 905
85 460
260 661
49 187
289 994
808 810
499 921
655 555
173 919
292 425
874 590
136 64
170 900
821 113
555 462
981 783
872 821
906 852
102 229
175 823
861 855
853 442
441 920
339 307
750 712
473 785
977 955
987 953
351 505
895 784
815 829
917 294
969 251
525 873
125 421
720 515
818 989
113 168
616 931
420 920
567 527
956 244
144 431
230 19
5 816
222 539
443 58
446 245
836 938
396 379
978 814
452 294
595 739
859 633
928 5
861 90
693 62
585 987
290 298
775 370
584 630
964 851
111 404
173 908
57 534
751 881
841 388
420 347
658 357
145 136
816 601
908 667
226 921
983 852
862 240
812 273
567 655
65 847
25 529
984 714
247 595
605 546
428 533
956 18
503 2
806 635
251 585
86 659
295 611
555 336
836 348
812 149
468 499
251 314
918 501
44 247
49 582
754 199
979 43
671 805
658 738
457 742
732 227
203 231
62 551
487 591
721 122
528 575
831 681
29 692
57 795
802 250
140 866
774 320
271 119
459 366
684 535
496 728
292 205
347 702
718 60
747 425
557 465
994 286
229 625
686 79
241 291
987 620
229 721
24 46
607 368
494 513
169 270
101 517
493 603
889 548
486 368
84 303
915 686
524 173
270 659
291 229
797 276
611 413
54 328
642 168
825 804
232 214
737 726
231 692
431 910
479 403
623 610
27 345
898 504
716 281
590 21
695 550
585 443
963 839
386 776
550 137
292 846
410 593
40 591
629 489
731 24
50 54
413 825
888 328
138 40
447 814
859 852
529 110
998 892
618 264
25 58
450 57
908 321
46 932
762 462
816 805
550 246
815 447
173 961
759 687
800 824
877 131
777 201
207 631
958 127
430 213
806 75
824 689
104 460
440 668
620 841
95 188
576 286
270 684
252 872
515 510
581 790
444 748
74 23
921 492
918 62
534 365
591 632
938 452
840 902
174 395
360 134
551 847
29 257
190 21
30 316
810 544
708 281
871 335
513 179
649 727
864 13
347 554
277 442
836 420
610 691
108 862
760 657
51 644
660 683
633 873
917 960
81 191
939 44
160 721
888 437
145 27
312 706
567 774
789 125
346 322
437 279
386 976
629 630
241 97
750 489
937 810
356 375
544 508
565 234
596 890
24 469
948 741
310 271
173 172
85 205
75 545
878 523
433 798
808 180
550 384
112 9
723 558
820 40
200 210
406 410
743 982
777 856
378 871
436 245
426 53
155 114
414 133
19 686
954 547
169 338
188 335
92 985
891 1000
813 340
827 669
814 540
448 294
34 84
534 78
801 571
867 877
19 189
533 783
478 437
937 598
614 46
145 439
565 561
624 174
872 565
987 912
673 995
838 279
715 545
298 677
45 599
320 262
727 675
383 851
405 854
650 482
79 148
194 840
937 291
385 275
564 911
24 621
399 555
323 546
768 538
333 642
343 83
889 980
364 721
698 349
478 417
642 886
529 395
888 338
148 133
919 655
487 484
59 137
936 406
593 860
176 268
83 601
397 187
958 962
43 384
993 944
911 15
745 653
960 447
562 391
666 452
253 822
270 291
999 455
763 138
619 144
950 845
773 838
442 477
196 292
908 627
563 960
446 944
69 784
401 866
333 111
493 20
694 439
575 249
530 227
887 751
654 474
135 287
410 295
245 929
549 213
138 318
484 378
357 903
10 434
911 124
96 267
160 13
830 326
93 179
119 762
849 647
231 85
805 517
782 570
104 922
248 123
939 233
615 833
450 1
241 916
581 598
531 286
730 16
532 460
549 811
15 24
719 637
167 367
67 366
457 915
848 245
802 577
550 52
596 620
61 750
717 698
531 569
97 248
799 19
949 973
697 778
248 635
101 937
556 867
57 570
787 241
835 89
4 284
243 365
847 686
58 70
677 405
917 228
36 892
491 418
516 154
322 621
630 870
126 171
778 289
946 770
903 115
959 55
926 113
317 663
570 637
841 288
638 818
921 670
369 613
464 15
945 448
241 788
753 664
461 367
491 490
932 516
717 758
641 148
923 85
107 349
748 734
340 134
400 874
759 896
900 460
906 18
231 457
304 631
990 607
302 962
635 486
247 262
924 49
835 779
630 381
976 727
146 896
16 749
44 666
679 815
214 141
537 44
651 937
390 411
497 943
375 795
432 450
153 370
999 523
27 767
964 337
319 11
309 695
863 676
932 446
958 240
677 19
606 114
761 803
409 292
210 576
939 116
384 709
945 106
198 371
233 337
123 444
562 320
564 363
405 866
707 617
905 893
435 112
897 654
401 125
305 347
846 63
784 577
275 746
946 644
560 441
1000 119
586 350
165 679
19 785
696 677
293 743
862 399
418 97
723 499
690 130
49 554
905 619
231 240
171 203
514 65
904 236
407 149
114 860
615 19
564 505
324 871
897 542
200 293
335 305
927 888
29 198
647 798
666 115
132 572
417 876
35 353
829 917
64 871
748 935
433 177
869 722
407 620
6 890
322 12
677 724
886 468
102 871
135 870
191 78
871 444
642 718
928 403
718 298
114 135
812 691
170 898
386 290
594 497
387 816
662 903
716 999
506 291
870 842
580 466
322 692
363 135
755 838
644 11
734 854
227 195
909 402
409 832
349 721
65 487
91 508
686 217
506 430
226 816
580 963
80 190
683 795
54 332
945 501
663 883
819 712
609 714
926 498
765 536
772 183
531 977
448 310
891 113
882 974
16 909
757 241
765 551
678 884
920 126
684 129
498 630
701 657
994 760
28 563
882 471
450 500
237 761
70 722
805 653
459 243
375 839
209 841
796 965
495 112
471 14
725 300
693 770
885 131
649 807
664 340
437 7
960 152
955 42
851 399
987 810
634 508
337 285
25 82
364 754
101 285
746 901
102 749
823 725
659 230
371 736
564 727
138 419
661 276
992 425
965 154
28 459
587 693
464 331
573 441
694 146
244 869
316 97
130 365
493 826
93 709
489 833
737 778
723 888
692 664
184 925
868 955
549 384
276 381
851 466
506 550
40 277
455 986
284 318
405 194
341 309
36 978
863 792
475 705
964 502
973 765
899 961
297 927
204 273
443 810
123 587
756 198
688 186
45 411
284 687
805 441
37 316
120 102
885 713
352 873
661 255
207 685
37 358
270 351
677 723
611 873
437 996
536 331
955 820
106 578
479 734
489 464
279 896
758 805
477 100
222 807
647 47
876 184
26 350
88 664
684 234
81 122
483 402
341 49
189 34
512 577
566 393
897 779
799 4
145 464
93 866
219 186
786 685
245 681
830 575
330 460
971 216
940 762
478 920
948 610
770 586
918 153
773 7
751 56
360 500
255 115
718 329
762 845
974 880
360 250
942 77
858 488
317 981
53 658
175 71
413 427
109 142
761 709
857 322
53 124
755 153
845 448
869 213
547 776
137 253
48 621
384 306
817 655
530 751
68 329
854 783
76 72
648 274
258 304
109 493
87 968
810 634
454 812
593 648
555 128
233 327
916 180
714 122
631 23
452 653
412 949
329 389
556 270
860 461
408 651
350 81
419 727
379 526
399 209
468 172
45 205
251 535
355 970
16 786
5 810
954 718
296 352
946 629
754 904
251 87
990 121
932 51
895 698
352 313
781 301
606 728
559 468
210 214
534 691
910 968
926 391
939 887
710 24
578 650
853 12
355 443
567 743
738 778
642 334
646 387
483 402
647 665
921 533
164 609
406 696
545 745
664 297
342 4
427 110
634 4
317 790
741 726
480 198
184 38
69 245
212 48
166 486
765 739
235 175
194 868
704 998
601 599
766 215
129 823
1000 411
51 650
889 589
6 39
853 827
215 19
867 195
30 501
276 181
662 111
886 321
414 49
942 265
289 417
65 990
295 999
764 383
299 953
597 917
780 391
592 625
308 312
8 105
114 855
36 771
574 350
540 58
970 114
416 820
353 496
672 619
869 99
835 140
379 684
748 437
724 699
383 245
473 913
743 55
506 130
454 199
267 429
147 629
38 932
202 644
66 534
981 261
911 592
110 450
823 21
930 970
530 784
693 994
249 229
606 279
282 248
318 61
40 731
935 430
825 279
160 373
235 641
666 226
510 854
268 740
694 547
14 491
922 375
771 838
707 68
414 165
549 38
197 612
720 41
414 17
572 835
928 300
195 329
683 983
790 170
768 91
586 252
149 134
654 106
647 398
449 647
262 262
442 238
441 760
669 553
376 100
548 189
927 374
815 518
269 158
902 727
851 241
626 532
769 187
512 518
132 949
609 589
527 272
132 490
182 73
776 866
895 547
55 834
359 199
494 533
942 530
32 623
540 585
470 191
588 95
313 58
819 427
852 923
870 54
818 341
332 772
466 985
325 379
425 170
207 39
162 108
502 38
394 857
638 172
306 436
600 459
906 79
82 420
374 85
230 624
731 248
586 737
691 323
301 778
23 504
236 809
282 380
29 775
236 338
729 710
854 884
81 38
170 841
75 174
902 916
829 153
134 571
419 502
937 697
739 78
243 48
990 85
845 894
887 990
836 881
180 562
364 554
589 745
16 510
735 592
694 664
168 969
320 577
87 258
220 333
839 772
513 922
798 97
376 601
717 90
503 206
138 747
620 875
962 650
387 157
780 231
540 982
33 556
615 439
629 853
88 860
78 507
290 150
767 730
931 858
445 637
578 940
531 941
933 680
321 979
255 762
708 306
762 932
489 554
375 239
863 791
620 315
218 88
63 663
787 528
96 429
277 349
431 615
69 475
148 209
66 115
625 207
799 689
212 979
881 761
986 962
390 231
426 142
301 476
352 301
527 689
989 484
699 102
468 670
243 337
642 108
879 597
533 285
115 906
273 997
837 129
869 499
592 989
646 190
649 788
709 805
441 70
259 597
480 925
121 452
325 172
320 431
725 120
47 692
498 140
860 264
267 768
472 651
631 538
955 714
866 297
717 828
762 180
87 752
669 7
857 212
369 281
622 635
848 534
264 31
572 232
419 466
361 941
277 121
451 7
555 377
839 432
989 924
503 189
184 337
597 691
172 108
210 619
517 586
774 849
315 812
741 676
928 695
589 73
796 521
778 181
182 247
733 779
171 557
460 920
793 146
877 476
594 203
462 800
505 555
311 227
360 451
193 626
894 448
706 739
573 368
118 500
101 797
997 80
939 95
211 853
689 381
401 19
683 470
525 94
619 219
547 988
591 270
894 889
358 629
744 674
184 85
760 63
112 909
361 234
2 814
113 125
177 649
344 132
29 783
575 426
421 663
853 610
232 497
594 930
891 548
19 769
234 3
771 622
542 869
833 294
98 895
306 528
93 962
162 784
254 927
573 377
6 375
879 723
538 266
823 871
595 923
127 71
360 357
3 587
252 370
708 471
997 425
710 512
806 741
592 98
11 590
260 187
1 253
557 119
794 618
891 487
104 876
946 781
232 291
88 26
633 513
556 133
501 399
28 182
214 812
653 357
985 368
157 748
561 599
102 740
317 501
892 212
582 936
635 260
549 851
437 660
607 802
233 802
443 717
742 298
748 407
643 997
890 763
570 611
375 122
8 689
456 768
698 137
725 37
634 22
42 994
246 868
629 149
875 158
686 185
117 280
370 164
144 612
475 182
581 985
663 936
51 223
590 178
966 6
761 523
665 740
475 581
489 684
683 873
897 36
127 515
199 200
573 128
17 952
516 940
57 730
176 563
289 757
131 396
131 223
449 141
729 241
640 378
923 801
287 697
998 430
691 327
815 789
380 750
407 922
824 257
646 367
195 930
60 859
520 996
412 844
77 44
112 509
363 59
86 565
487 753
157 485
336 146
572 434
348 887
737 586
239 260
775 71
533 371
985 257
231 455
805 585
468 793
379 685
500 205
297 980
862 577
634 509
51 404
860 177
562 802
714 161
632 982
655 674
535 627
963 833
769 157
93 818
973 354
375 65
938 301
656 706
523 113
972 960
857 437
850 718
641 166
324 22
907 362
277 665
77 843
179 626
669 394
836 568
476 101
228 103
596 739
45 59
110 709
993 455
805 489
493 411
735 53
836 700
998 246
412 186
566 571
94 831
498 363
376 519
392 813
348 406
423 818
127 11
798 122
802 769
978 712
523 267
522 947
799 883
871 385
614 40
940 771
455 798
855 166
837 10
667 674
425 742
402 744
346 192
288 513
784 830
490 161
455 956
216 736
44 414
522 437
218 682
669 808
287 37
370 814
125 39
778 276
429 30
545 626
926 886
817 451
606 725
486 799
583 800
558 714
683 293
979 966
340 225
752 452
898 210
704 221
925 256
733 617
615 350
895 483
876 34
151 909
215 694
142 494
985 780
824 582
110 675
303 444
877 440
723 882
876 138
547 211
706 970
73 102
514 935
527 237
982 234
587 268
842 137
667 23
519 532
818 448
999 873
583 246
507 751
644 680
91 797
625 511
716 146
869 540
944 176
548 720
814 740
954 316
996 608
299 66
824 349
878 824
306 356
941 655
691 241
110 838
695 320
692 756
984 405
722 147
1000 620
94 666
722 460
613 245
469 817
309 210
321 181
871 631
268 748
530 862
669 646
247 751
119 994
533 487
323 23
766 548
60 968
336 719
838 962
455 655
335 631
998 951
212 631
196 195
403 831
536 960
463 363
711 221
77 267
965 150
325 934
667 770
783 81
471 426
74 468
901 551
947 74
699 688
480 963
783 247
511 540
172 953
877 440
692 458
565 738
838 100
363 727
620 250
108 974
733 243
125 856
907 345
942 325
775 727
890 92
96 927
673 971
687 747
496 586
907 76
857 165
30 595
592 649
352 828
259 818
382 531
466 662
958 855
235 720
623 282
986 594
125 778
250 373
357 157
685 162
609 98
513 462
453 801
950 602
122 753
736 942
714 557
353 76
69 307
25 750
669 470
97 699
396 752
886 152
493 904
592 189
579 949
370 700
49 790
153 143
720 678
325 828
52 494
824 947
788 329
791 64
370 318
330 293
964 206
506 869
436 615
145 341
130 464
547 104
790 541
700 488
467 664
90 119
754 423
699 777
194 959
293 467
216 756
574 919
416 904
315 244
556 821
55 951
106 883
448 57
682 938
872 507
215 177
377 610
206 330
578 726
898 641
574 918
726 622
500 776
869 14
801 152
257 963
811 6
885 852
752 99
761 772
728 728
348 91
815 254
827 106
842 611
40 224
956 535
453 660
561 719
972 113
731 622
973 386
686 152
371 424
425 923
94 739
113 333
781 684
313 161
67 551
655 905
293 962
44 592
979 520
989 259
907 183
156 844
170 341
734 688
5 58
711 381
779 444
650 163
958 641
60 595
408 369
959 735
862 519
722 517
917 759
798 564
385 613
405 159
345 987
789 571
754 617
137 482
945 396
744 713
859 55
528 979
361 171
482 887
480 962
159 896
915 840
785 459
648 197
92 68
25 388
468 414
121 375
509 388
754 10
580 135
991 422
469 890
471 475
728 802
415 765
801 471
646 130
526 423
471 136
109 228
771 514
167 487
136 7
916 420
398 608
127 238
394 647
918 63
313 705
987 577
465 810
378 141
821 906
379 594
160 38
632 449
172 242
65 715
364 598
728 53
101 419
134 486
640 41
190 387
492 189
327 966
957 383
901 960
177 348
484 762
550 915
115 700
851 355
122 680
898 638
597 922
116 577
130 1000
829 319
882 910
646 165
598 379
752 177
661 138
485 545
761 379
11 188
296 108
461 542
78 620
365 23
454 814
729 124
427 557
597 605
870 834
444 775
433 881
242 291
231 42
546 490
913 548
440 682
193 951
685 398
456 429
921 56
514 674
259 5
117 591
108 428
314 519
586 66
243 197
349 232
466 197
194 84
422 32
269 630
107 668
239 426
560 658
254 445
270 605
53 75
74 191
58 723
654 479
803 995
223 703
526 910
501 280
291 132
554 247
459 669
616 853
871 33
474 513
585 305
500 863
490 92
953 104
674 831
611 387
857 421
349 435
760 645
753 128
734 348
352 269
502 845
585 254
359 533
63 858
663 158
261 862
983 723
191 730
714 500
189 70
542 113
377 85
566 160
919 733
449 350
646 827
425 609
155 778
511 148
976 212
772 931
890 172
972 540
4 128
469 885
670 513
683 744
845 999
992 587
979 243
394 663
41 307
780 817
752 487
168 3
641 750
723 958
9 520
932 20
392 14
760 546
621 856
137 894
71 182
617 461
194 962
557 719
929 753
657 734
81 600
202 131
267 304
861 978
518 788
366 549
135 758
939 448
888 395
791 48
157 292
551 727
106 351
959 856
480 864
671 29
130 491
517 473
845 362
63 138
600 15
812 417
794 387
889 966
598 584
562 600
984 647
435 732
536 28
652 317
645 994
973 777
166 692
46 872
149 69
735 991
718 396
835 822
711 584
25 878
161 31
403 848
214 219
442 234
590 764
718 253
157 155
242 461
739 889
755 82
730 225
816 495
617 283
35 866
10 688
293 369
265 502
292 996
292 636
276 394
653 490
271 720
532 15
691 970
681 926
641 759
924 287
774 15
323 183
40 558
597 697
171 31
884 918
244 156
444 183
172 780
392 292
457 680
65 898
63 597
103 804
732 469
846 368
611 323
143 759
513 816
157 262
667 862
270 358
302 345
675 802
895 367
754 411
452 3
832 784
631 45
398 677
88 681
395 236
859 596
667 832
145 460
159 691
321 266
956 55
540 487
773 89
745 534
970 245
464 464
692 310
201 420
241 859
798 772
248 319
581 417
765 379
659 220
850 949
204 53
758 401
65 411
308 300
550 69
549 349
731 743
285 768
110 235
588 817
985 26
865 697
370 777
586 531
810 729
261 656
918 439
772 940
14 854
631 342
669 166
283 434
525 429
30 107
225 411
676 177
801 631
488 108
354 72
564 577
383 528
204 90
597 48
375 378
557 458
871 783
994 422
245 366
146 16
130 932
946 273
23 719
432 683
138 947
190 105
412 964
197 65
270 185
905 908
228 572
892 771
943 846
949 845
790 169
927 904
568 505
203 553
429 381
92 183
618 265
64 83
125 291
100 692
833 529
39 456
270 537
252 248
541 408
485 846
553 23
233 398
109 744
459 390
974 256
29 40
514 768
697 623
979 317
971 670
49 369
726 531
722 447
898 251
140 4
90 242
451 262
459 713
297 223
704 329
21 594
521 68
192 818
340 745
532 955
720 164
854 606
225 383
87 627
125 47
996 827
779 259
681 379
30 966
460 171
465 320
213 801
876 987
798 437
774 877
622 275
291 245
966 800
324 665
149 564
257 809
147 722
99 527
724 22
406 183
707 476
796 720
475 439
436 425
262 298
313 852
370 505
656 893
882 164
346 437
974 896
650 617
413 194
130 82
338 995
74 295
926 680
285 294
12 227
572 913
292 734
801 911
175 25
820 991
883 570
143 167
907 421
692 457
393 404
482 369
568 260
556 140
788 982
48 210
311 40
688 891
381 733
614 700
721 376
820 331
31 544
97 726
577 91
802 222
470 166
295 236
734 933
402 462
745 237
735 45
140 908
217 705
799 938
658 271
971 251
721 610
168 270
125 395
892 16
430 710
806 953
243 939
442 287
196 910
30 957
527 780
550 18
626 606
601 652
374 84
171 504
623 430
918 588
672 857
42 461
56 626
345 894
530 139
576 752
551 42
658 309
135 805
871 715
411 752
621 830
728 2
845 140
656 302
685 993
714 206
499 848
194 581
812 774
891 906
305 913
113 320
424 117
802 914
716 499
100 208
475 85
223 298
802 324
979 641
657 638
762 938
16 754
386 93
715 35
591 713
75 512
559 113
905 863
303 308
976 24
252 943
561 687
891 648
130 376
786 768
800 330
854 957
626 914
209 584
341 772
429 440
616 449
595 696
459 681
942 593
828 103
459 836
57 561
294 137
200 773
299 914
863 535
562 575
646 217
267 386
759 741
733 376
939 776
961 250
227 365
556 784
726 705
341 667
922 290
527 255
661 146
773 211
377 373
988 507
670 712
200 733
820 351
364 212
335 705
428 863
127 364
514 301
408 955
553 128
898 110
216 897
447 285
495 701
652 622
765 876
577 600
674 768
154 668
712 48
377 602
797 529
863 783
715 968
892 133
777 813
507 917
517 366
771 134
781 331
782 714
59 212
526 240
391 541
176 415
701 390
919 992
900 148
917 384
588 18
478 677
731 224
52 261
120 372
129 796
980 953
640 740
564 449
957 149
81 5
78 970
785 150
98 553
601 527
555 584
96 90
747 181
160 769
618 349
243 28
295 527
471 329
880 445
510 929
591 997
506 21
837 368
948 646
329 120
797 377
820 457
731 229
560 393
844 762
71 43
637 857
328 742
665 122
940 231
654 401
431 613
462 358
208 301
707 602
311 687
413 319
541 733
518 884
61 221
590 423
59 863
585 786
566 10
4 906
37 157
285 17
762 980
772 689
731 115
109 149
23 401
407 877
326 800
12 914
675 726
240 880
8 985
899 147
629 58
963 158
169 937
226 339
147 240
292 593
723 815
733 823
725 566
768 482
563 699
300 582
107 126
666 165
131 240
924 683
419 768
44 264
117 942
828 333
435 688
911 556
286 60
690 569
960 644
516 473
424 129
999 558
344 798
770 218
416 117
535 538
116 180
785 513
441 200
975 372
751 777
547 972
300 167
621 734
549 250
704 93
861 447
260 917
654 271
487 883
637 759
141 265
187 488
752 103
486 393
81 234
506 118
149 137
429 107
698 75
599 159
413 492
606 663
761 141
588 232
782 913
347 968
678 823
374 43
544 137
373 861
93 106
389 474
700 259
116 511
625 754
493 300
758 726
174 444
716 120
976 527
653 966
881 199
616 577
704 354
791 626
9 600
488 578
372 769
211 446
588 661
637 338
898 759
883 759
861 116
866 147
930 153
128 605
355 567
957 298
485 83
153 483
79 262
275 648
708 78
726 718
850 501
501 803
764 777
967 459
744 658
487 924
844 267
265 302
665 839
231 164
305 52
322 532
51 155
993 721
930 638
320 997
691 626
515 528
318 753
215 602
680 707
382 558
391 182
155 433
491 443
503 758
34 236
22 501
174 245
713 607
854 838
99 112
679 291
506 301
72 240
868 868
310 555
890 563
528 366
921 281
292 460
367 70
823 767
7 24
478 152
38 522
576 224
202 802
166 406
836 315
817 951
195 845
53 152
878 857
492 443
715 34
309 627
948 497
104 936
64 642
774 152
102 89
474 500
796 706
281 536
396 169
626 751
499 28
112 102
745 767
801 195
721 790
564 339
904 842
592 186
10 802
654 180
568 337
207 525
81 375
940 905
607 868
854 665
111 817
470 667
422 25
255 559
155 548
862 646
422 312
281 120
692 857
493 825
633 702
714 313
289 263
834 391
425 825
135 870
396 517
892 766
370 769
934 628
265 218
785 256
223 522
447 494
991 68
446 332
25 25
218 38
682 731
441 528
334 857
388 704
749 341
922 971
582 545
201 652
327 614
701 531
557 495
647 223
817 599
448 605
1 554
221 26
553 47
15 508
350 190
809 658
596 409
888 512
583 303
699 38
652 455
757 491
205 658
721 376
113 522
217 200
352 943
507 762
229 383
596 179
22 453
877 380
396 745
898 278
428 400
352 347
579 369
880 811
482 844
788 180
852 817
253 334
399 252
141 886
64 821
3 44
427 684
355 674
637 282
842 810
702 600
366 298
482 889
782 823
231 293
248 18
38 367
835 876
994 947
470 195
447 345
835 262
177 325
282 502
840 855
389 307
526 72
229 765
762 453
952 515
829 651
786 428
708 963
24 354
520 903
121 642
796 848
474 651
412 227
983 981
556 211
993 624
547 393
708 781
854 408
664 531
182 972
363 105
928 302
663 951
893 396
4 335
560 130
83 683
805 644
61 382
368 997
886 273
945 544
853 531
224 5
970 172
729 713
226 901
798 988
375 507
558 114
307 541
222 894
607 485
560 238
401 137
890 772
82 422
434 914
996 360
369 401
705 395
438 740
899 824
446 530
567 517
493 147
504 680
294 751
770 844
412 78
172 830
767 998
377 895
255 297
747 767
816 662
485 812
812 324
191 36
34 344
423 135
207 994
346 331
319 220
79 199
627 638
820 204
676 43
349 171
183 895
1 408
126 757
707 693
881 143
190 858
753 751
912 167
738 558
868 228
873 724
822 650
4 799
75 157
324 182
355 388
523 315
932 95
887 564
551 964
210 279
267 767
827 981
782 79
658 149
384 261
561 592
69 949
870 847
948 743
451 598
534 337
111 570
995 798
724 865
975 206
891 224
71 395
511 167
563 991
70 485
491 477
21 60
668 506
87 475
730 172
826 378
808 469
317 79
928 640
287 349
721 657
552 874
536 531
91 351
567 681
606 687
67 78
922 272
253 387
44 784
993 813
252 515
878 888
38 670
750 903
262 613
310 212
350 530
874 120
883 479
886 581
433 286
271 425
963 275
235 315
666 278
594 188
561 909
227 356
706 573
758 24
365 157
46 421
972 902
582 263
237 404
394 783
245 216
543 31
876 24
810 669
405 869
666 976
616 368
120 290
282 427
536 597
342 389
15 491
637 105
435 217
531 887
746 30
270 819
604 570
424 381
951 483
247 876
626 13
314 604
602 764
259 278
944 371
971 625
81 284
98 660
491 398
177 593
378 727
267 843
457 868
399 113
417 449
709 22
174 291
581 236
501 509
660 576
126 252
62 83
893 321
635 494
88 374
617 94
508 930
525 441
386 910
627 893
744 913
837 440
287 959
375 788
424 911
43 177
506 302
454 892
878 777
61 941
845 871
323 868
135 354
866 174
956 836
965 301
252 880
211 664
227 320
683 693
761 13
492 347
790 741
21 84
246 483
723 741
665 774
802 300
38 371
641 9
14 943
299 823
41 10
941 639
535 836
528 287
683 514
627 753
966 942
665 598
989 928
494 41
729 120
588 681
779 7
735 319
687 684
549 852
993 618
668 714
33 123
960 815
141 769
596 473
301 438
320 279
878 255
782 392
501 104
250 207
700 946
561 881
385 668
663 687
770 678
565 644
828 955
63 427
869 789
79 987
345 914
952 880
467 266
526 754
726 78
384 982
925 527
67 883
796 660
625 531
817 817
335 592
303 261
949 180
381 242
289 186
930 215
558 58
91 418
195 492
431 550
621 15
360 746
729 915
894 582
445 496
359 321
214 125
126 127
765 35
972 453
968 363
166 340
166 377
865 822
789 376
922 183
622 222
689 256
557 975
930 512
167 600
403 131
969 218
244 794
687 863
720 401
391 220
448 445
835 309
688 249
840 585
787 796
79 426
382 364
89 467
438 683
868 766
736 844
896 251
888 661
922 437
482 723
363 863
449 843
655 229
236 124
412 702
898 368
715 354
687 36
396 202
234 487
652 823
927 714
824 12
566 282
710 440
899 712
220 806
126 2
750 420
971 529
100 717
405 29
285 641
633 891
82 396
414 470
657 509
328 651
115 693
72 369
321 459
391 316
830 968
716 547
270 73
132 202
28 26
741 70
575 828
33 208
280 671
356 335
52 465
68 221
658 893
478 787
57 988
159 141
593 676
737 259
402 282
743 537
855 432
618 934
402 361
478 919
654 58
719 940
37 240
63 646
877 619
138 560
249 427
187 448
440 662
989 74
361 49
607 584
767 144
33 224
614 595
343 614
400 990
442 302
843 288
4 805
726 283
688 868
263 82
239 156
831 65
552 88
392 281
308 52
485 776
260 697
91 788
782 540
247 310
748 592
732 971
368 233
689 701
45 47
494 167
861 837
759 428
789 549
776 794
212 301
260 350
858 266
744 106
731 597
451 266
139 138
999 556
412 122
783 99
407 587
367 799
380 723
750 702
342 863
820 308
467 353
873 293
665 2
515 622
909 345
804 512
398 423
968 217
173 318
555 108
252 138
342 5
904 699
857 246
137 592
865 449
1 881
637 439
801 131
378 313
814 998
626 107
592 89
995 34
470 325
85 764
342 504
906 715
322 309
669 822
379 456
284 750
524 219
398 28
667 36
336 64
726 427
769 519
67 932
469 992
904 303
983 510
717 645
580 768
305 751
302 600
555 329
479 650
526 355
531 706
946 256
426 667
706 158
617 620
449 905
806 984
855 69
390 196
702 679
916 907
306 880
407 156
434 242
884 496
280 931
942 526
601 485
716 817
597 376
85 689
649 117
458 809
488 94
978 77
900 878
496 782
556 209
163 473
65 381
966 538
840 250
70 946
876 574
302 118
22 920
619 412
856 833
906 171
746 507
951 816
197 673
934 950
70 905
282 938
778 92
220 935
40 267
885 832
299 533
316 80
387 286
196 880
542 475
662 681
355 94
45 479
760 648
876 873
645 791
6 346
187 872
176 751
496 596
887 454
676 523
918 119
878 626
325 591
459 621
270 857
820 296
525 542
36 546
998 920
857 349
112 898
184 380
392 956
606 507
108 491
96 866
300 556
463 748
45 449
642 5
304 123
431 209
191 886
755 265
9 366
64 714
902 202
944 425
459 427
547 923
112 25
929 37
686 620
890 116
928 765
405 517
372 808
255 587
369 796
927 860
646 394
406 679
215 271
922 978
999 947
280 429
992 548
826 670
329 445
689 852
76 254
346 205
110 148
144 842
921 967
845 540
680 90
802 693
418 524
857 163
664 205
545 261
376 954
720 553
517 73
171 734
122 40
341 270
187 285
728 37
237 498
80 674
913 448
956 862
411 787
765 261
140 797
865 313
419 548
823 630
566 449
430 193
231 652
550 72
303 269
422 897
241 893
488 784
177 368
351 946
623 294
947 709
142 224
543 137
810 36
632 4
824 428
338 320
99 24
412 127
189 54
418 799
386 66
204 549
337 658
250 364
17 681
983 101
416 895
663 939
768 535
922 933
671 768
552 860
954 500
650 105
608 501
693 779
658 334
644 806
287 28
699 190
85 994
736 186
741 122
93 582
44 565
750 829
519 137
506 216
554 825
266 836
354 377
2 528
572 421
507 546
955 100
525 154
851 683
348 871
926 128
479 586
920 55
455 262
809 105
419 447
189 155
544 303
251 357
884 393
176 459
772 917
298 396
337 642
872 606
245 217
811 39
249 125
210 337
657 960
14 151
290 265
679 50
49 646
155 19
657 377
50 984
699 225
304 350
524 697
233 27
132 443
269 887
614 32
258 153
257 805
640 659
898 44
378 476
627 162
955 851
423 141
303 938
830 929
995 298
257 17
553 614
996 925
203 612
564 795
939 647
437 835
222 921
805 808
168 806
407 304
568 243
62 2
576 673
988 647
422 485
486 960
980 444
106 192
546 59
871 558
660 373
662 246
327 133
353 243
465 820
796 681
945 496
238 930
43 942
278 151
668 61
946 534
196 1000
11 933
265 981
89 122
361 289
675 389
554 398
667 687
215 702
486 59
67 813
395 556
407 909
84 372
846 81
151 410
411 168
541 991
355 34
552 943
509 760
503 772
532 727
650 137
894 43
448 358
946 306
757 163
903 140
74 395
101 509
397 909
369 245
810 365
846 784
378 134
107 558
454 57
922 34
990 244
512 843
934 658
627 992
332 693
297 611
195 461
612 214
760 13
344 931
210 211
797 700
462 465
685 860
116 67
416 142
153 317
608 504
479 192
183 795
907 744
888 702
678 970
584 970
99 359
142 333
416 842
298 159
483 362
308 250
359 776
739 779
390 320
253 838
897 350
721 544
52 569
504 201
31 475
257 459
53 238
98 965
383 727
471 445
901 905
569 717
334 317
643 580
729 875
50 60
286 679
379 976
117 78
505 299
48 687
902 270
43 600
81 746
349 489
469 746
958 834
595 658
473 979
916 86
982 258
132 794
21 883
326 733
232 837
782 596
800 473
820 894
270 49
490 2
832 911
476 158
674 541
42 876
490 208
374 743
742 402
164 69
764 819
761 364
313 68
758 99
643 857
343 734
718 849
256 466
631 928
709 683
854 79
98 579
380 604
866 904
382 898
341 319
453 504
915 322
51 651
388 219
212 17
836 95
151 915
840 276
828 636
413 229
82 153
484 383
419 925
272 830
57 992
392 387
311 109
51 971
923 120
155 773
424 290
694 189
115 823
235 976
785 283
867 609
725 128
450 307
165 85
501 686
704 584
575 519
839 962
463 576
186 667
77 988
475 167
344 137
937 802
965 518
144 276
380 545
929 21
777 781
455 154
498 543
40 234
679 372
823 548
475 311
876 138
700 492
847 297
242 962
724 739
86 258
830 176
293 663
623 508
779 637
411 358
234 381
564 156
26 3
326 505
445 257
814 37
105 323
299 484
879 597
367 177
184 960
50 703
978 496
517 922
301 116
432 80
714 84
556 221
468 881
696 632
758 399
599 525
901 924
873 688
775 878
536 314
378 795
289 730
838 482
102 250
719 864
202 859
975 443
77 957
388 878
560 881
835 630
614 418
229 144
892 28
480 550
683 6
316 336
318 290
306 969
649 137
938 933
684 389
83 154
970 546
701 273
827 361
124 748
20 187
762 239
960 775
578 264
40 764
179 568
184 570
849 207
213 884
398 783
123 523
137 821
858 828
854 751
688 338
107 458
762 962
703 871
964 359
683 574
624 757
678 878
219 912
964 354
628 446
68 277
44 267
267 953
147 299
823 404
613 233
298 371
566 527
789 109
68 366
440 945
228 807
57 61
35 816
178 475
510 437
448 688
256 786
633 967
23 111
118 730
356 624
238 4
938 324
285 425
722 539
526 744
430 395
89 318
525 939
51 540
256 126
571 693
847 399
428 184
454 72
777 632
950 245
503 782
166 449
988 701
655 774
648 248
588 658
81 256
864 93
173 425
45 439
1000 375
187 583
874 832
187 648
372 421
710 986
700 33
318 658
229 224
878 127
545 637
842 389
868 888
508 247
166 914
836 958
830 225
927 970
227 46
754 958
6 814
234 895
466 995
246 359
866 688
681 809
988 999
112 36
819 635
193 524
684 696
371 921
685 138
1000 350
773 867
465 781
311 934
398 174
469 808
581 619
292 190
638 185
778 328
100 704
832 321
938 207
411 366
171 221
724 418
618 666
828 242
413 548
453 308
361 182
410 523
735 160
428 237
604 780
748 524
289 156
339 180
43 732
61 426
541 410
634 773
277 22
741 23
472 351
127 874
565 435
20 93
904 361
729 741
713 273
762 394
944 808
300 850
88 693
383 285
564 694
635 319
753 673
892 972
297 934
562 971
730 604
61 380
61 257
180 20
383 499
715 650
110 736
210 375
936 839
154 255
107 937
477 575
104 35
691 752
324 700
515 349
858 517
326 152
964 539
297 798
311 451
534 911
614 668
91 206
729 77
183 558
817 657
443 470
667 677
581 938
770 707
276 161
235 158
642 81
151 554
127 207
477 276
176 702
65 991
500 201
892 469
311 320
123 30
345 338
64 325
35 5
635 671
666 967
424 668
863 747
940 306
250 781
142 280
630 455
852 749
523 623
132 234
410 575
233 889
529 918
194 862
558 340
698 960
39 734
273 343
878 637
432 454
776 466
846 923
918 507
144 640
778 141
435 745
383 261
140 720
870 357
241 326
685 233
521 604
276 835
909 637
605 144
509 316
346 610
414 821
89 102
896 20
414 832
69 535
164 225
615 668
775 207
668 914
984 881
446 285
793 49
741 157
995 564
834 864
133 968
948 748
228 391
838 899
111 178
584 290
720 217
212 534
182 427
219 975
53 387
598 342
536 561
460 670
27 105
849 725
840 704
836 633
447 429
487 946
82 67
811 854
45 895
266 775
560 382
922 19
522 760
880 772
983 963
36 98
716 875
782 186
703 384
743 563
893 180
137 484
69 793
862 227
170 825
892 503
911 843
83 708
52 918
979 226
141 252
722 517
103 894
638 187
487 983
617 779
742 512
865 495
346 58
130 565
152 476
988 488
766 988
290 862
334 681
364 14
551 833
53 163
266 84
206 325
492 882
688 679
201 200
530 613
719 970
290 179
83 224
232 156
189 401
415 459
92 777
282 99
284 515
844 426
309 275
54 855
544 868
467 817
509 926
772 133
525 40
297 539
85 354
84 588
775 71
608 630
81 842
764 103
942 516
190 852
370 203
533 686
6 134
744 905
938 277
9 2
631 190
389 269
310 54
785 522
647 394
301 664
87 416
620 302
658 458
470 144
617 511
774 384
767 278
594 810
788 748
446 827
436 744
84 150
943 420
356 353
465 174
208 6
927 946
445 630
98 371
342 161
252 747
690 173
251 308
369 553
392 739
63 868
871 436
182 120
199 453
603 130
416 618
323 259
449 786
610 677
456 689
747 919
504 367
975 929
411 634
707 316
114 555
628 44
398 403
763 272
326 61
109 562
219 343
924 178
532 194
272 687
462 254
907 589
637 730
105 189
732 74
523 433
350 410
683 928
10 190
189 855
601 59
240 11
126 368
567 679
89 337
366 565
373 314
323 500
944 105
336 143
232 854
15 397
525 422
558 751
230 749
104 276
334 167
143 495
917 123
91 831
60 287
610 867
978 523
780 135
750 665
707 640
457 604
663 856
98 616
359 399
114 436
432 97
864 12
748 692
908 439
616 860
420 22
503 809
600 941
343 134
411 490
35 182
486 360
227 614
558 925
977 414
249 15
379 37
565 126
763 932
941 558
543 149
172 427
325 260
90 35
359 295
315 566
922 929
930 565
750 632
424 185
81 996
752 655
432 970
839 949
679 203
393 126
554 237
353 291
138 750
832 678
454 570
881 785
749 698
929 70
553 27
249 141
124 1
274 932
360 927
121 827
770 150
170 194
613 820
30 313
783 459
741 148
539 69
557 946
679 961
157 130
241 71
616 442
340 939
994 829
211 96
875 10
87 74
712 223
965 747
302 96
884 230
262 131
803 56
826 754
656 847
817 406
701 196
137 646
741 977
623 734
318 819
600 658
467 931
987 76
135 27
297 148
847 556
374 719
717 953
201 820
405 141
644 966
97 985
459 214
125 942
406 442
291 598
822 833
525 334
496 25
933 824
178 887
858 590
584 409
35 339
223 661
433 283
905 286
880 182
259 516
67 311
116 153
25 87
102 508
658 552
271 748
445 457
135 633
884 142
932 106
790 947
470 700
28 372
398 245
776 683
242 826
926 223
58 475
693 99
29 558
45 512
875 328
41 404
393 616
674 674
990 119
298 668
546 268
259 160
450 131
799 545
150 327
842 469
69 421
752 603
227 766
645 794
403 255
374 296
205 969
758 308
859 166
155 549
90 601
976 58
923 637
238 977
752 105
735 498
518 411
938 723
346 821
199 638
481 426
375 922
859 733
448 822
174 368
238 791
770 841
810 133
208 861
667 347
849 155
307 416
302 271
270 741
73 320
230 936
265 143
258 228
671 856
836 648
98 256
706 755
285 37
176 105
226 310
940 177
274 377
42 985
853 233
48 93
123 763
41 240
445 114
518 315
989 191
795 876
329 764
1 956
368 142
266 355
433 895
193 147
892 578
202 622
133 935
852 373
242 559
716 756
238 456
931 440
193 497
981 252
93 234
842 65
781 20
56 916
813 935
842 93
598 469
835 400
634 422
544 330
209 22
123 348
396 688
554 17
694 441
830 178
149 414
234 911
316 436
303 481
883 154
586 6
317 669
768 51
380 146
268 872
832 373
907 535
201 739
726 616
934 593
560 713
787 457
459 477
800 64
544 396
689 683
404 36
9 705
607 960
927 962
448 60
953 737
498 492
467 942
67 964
386 432
169 570
828 925
83 903
89 485
99 666
812 58
555 486
661 7
743 171
362 135
790 112
444 148
105 51
537 37
477 943
556 344
438 121
623 783
952 488
69 184
68 949
361 222
583 816
295 913
347 382
302 335
282 404
206 546
719 701
287 170
140 592
979 618
927 394
57 405
195 682
660 554
333 563
977 525
310 645
961 667
369 949
896 636
190 466
175 775
112 584
125 895
519 107
222 451
979 70
545 569
220 96
812 893
556 479
834 723
840 745
743 418
545 883
826 522
66 985
317 587
838 503
989 169
359 837
883 948
718 491
32 462
716 495
505 406
181 327
634 977
558 45
754 225
387 851
302 881
739 806
628 641
231 913
347 358
686 291
593 117
49 651
996 673
657 800
752 204
434 391
614 856
132 632
140 48
191 179
68 7
322 928
135 501
408 929
202 232
807 133
11 874
659 203
445 202
294 89
598 305
322 612
539 334
510 747
77 757
35 845
397 602
209 506
900 636
266 318
84 970
310 183
831 41
14 455
919 452
161 597
116 632
631 589
707 791
920 788
773 127
776 487
96 772
73 854
11 424
483 507
57 156
67 417
776 347
364 372
489 233
73 714
413 15
933 573
946 14
873 310
467 840
54 397
501 31
870 439
591 148
518 577
716 778
227 968
599 426
738 575
757 763
127 987
627 190
575 476
618 197
161 24
429 483
290 524
479 299
838 887
794 997
614 267
186 233
224 124
88 819
948 340
858 663
701 117
926 799
691 864
613 938
857 796
961 550
685 473
431 902
495 978
802 66
791 971
125 325
771 331
59 972
587 602
455 964
454 966
511 391
194 958
355 244
316 650
396 441
223 507
285 572
641 650
832 357
854 738
720 261
862 189
361 240
28 949
745 99
325 547
611 421
776 639
796 527
172 765
97 462
668 542
505 446
355 995
132 779
387 277
691 657
774 457
873 881
426 628
456 912
536 32
491 249
914 439
421 604
342 477
460 827
566 152
83 71
1 265
977 144
756 950
288 533
65 48
506 62
717 540
844 649
590 750
443 144
864 552
249 699
25 278
911 654
243 568
543 396
222 865
679 174
109 777
294 318
572 33
203 854
620 244
702 965
271 185
792 278
664 823
825 444
700 816
909 968
809 677
940 780
942 357
578 496
374 432
22 845
417 637
936 235
632 955
348 919
644 976
896 733
133 758
228 875
126 895
941 701
151 20
862 985
366 459
45 641
260 248
317 354
999 244
710 91
35 543
637 979
55 921
140 492
872 515
70 436
347 476
529 690
941 798
426 181
983 47
484 51
259 212
553 491
1 391
562 212
888 536
951 18
132 972
944 450
261 910
491 975
684 676
224 679
631 865
281 944
560 152
328 69
642 970
639 309
387 775
558 295
35 117
205 314
784 239
758 405
464 418
164 749
743 768
609 319
453 732
607 256
147 960
44 948
464 821
12 266
402 246
797 943
99 125
845 552
201 987
63 60
426 165
292 419
408 183
297 165
423 568
118 506
75 815
129 846
559 723
642 228
572 812
408 666
486 57
848 825
855 637
371 29
870 937
611 53
847 504
934 681
336 196
54 489
956 217
109 827
542 288
30 466
704 637
553 879
382 64
724 630
498 768
227 827
305 174
387 126
507 475
196 235
769 96
191 404
682 823
546 861
812 785
207 656
887 41
423 905
754 955
511 871
164 113
204 879
17 976
418 518
118 993
792 102
79 406
834 861
430 443
29 825
546 141
736 884
491 500
241 972
350 194
781 858
169 563
910 514
76 94
33 516
690 113
460 465
407 917
820 871
653 47
179 502
705 937
713 639
167 646
264 214
702 902
637 308
109 165
982 968
332 939
91 814
515 46
970 409
674 79
516 854
91 760
651 582
29 411
763 817
847 270
775 672
121 857
711 344
861 122
88 384
417 578
985 510
166 159
125 930
580 998
821 637
760 862
129 659
40 457
43 721
744 315
93 294
698 492
168 494
585 791
928 810
743 732
636 111
497 974
756 928
609 433
167 452
961 791
327 235
43 626
241 59
355 883
566 931
308 895
705 695
720 690
234 201
505 780
498 528
643 171
728 208
26 804
514 936
273 140
994 719
121 125
577 946
454 231
573 345
605 814
549 288
988 490
768 419
678 758
558 79
22 587
936 485
875 184
357 136
561 659
907 424
141 816
802 904
100 774
526 201
27 650
458 19
392 18
324 230
19 355
330 489
332 212
306 375
985 303
718 501
965 255
874 572
749 220
196 861
630 81
866 70
790 462
722 45
216 258
726 308
65 921
863 887
551 196
797 405
964 548
153 889
912 988
738 288
375 511
575 149
665 879
68 431
893 964
163 924
25 352
832 233
136 457
735 812
940 841
397 6
199 962
749 563
107 78
370 606
228 521
281 509
106 51
634 669
116 527
132 623
665 595
528 491
331 625
57 207
41 610
127 516
863 243
124 194
537 900
672 465
299 738
191 87
136 634
103 74
22 178
512 516
264 440
732 474
534 741
470 420
677 120
38 178
908 747
427 856
470 984
579 710
360 307
712 436
217 825
39 844
951 600
720 381
231 498
396 481
405 776
146 206
952 142
213 143
65 486
339 32
456 18
57 93
965 29
782 514
95 974
43 81
28 134
701 403
256 532
500 717
390 360
790 730
251 607
766 467
851 126
71 611
325 846
103 272
449 359
871 687
795 589
743 795
158 774
932 175
311 465
57 293
713 777
636 557
242 601
841 113
560 992
365 887
191 466
744 812
927 411
979 725
626 334
801 902
27 174
421 693
648 374
110 226
382 969
451 663
873 365
617 950
269 65
497 561
445 36
40 182
296 954
638 806
176 30
909 224
103 640
710 362
801 495
734 440
184 533
533 428
372 298
300 752
836 980
272 741
764 867
82 759
235 415
912 514
314 651
789 489
635 139
867 992
586 216
36 765
688 723
710 638
250 954
129 201
902 30
25 939
101 427
990 827
205 873
395 838
193 331
198 332
652 291
497 801
98 85
153 936
245 448
342 489
299 43
375 885
886 165
627 75
695 343
920 575
445 69
212 176
243 359
919 294
965 373
732 409
716 804
253 596
986 275
321 577
592 434
339 298
990 989
474 476
64 393
54 97
978 395
21 330
180 180
772 820
169 317
237 848
99 233
537 294
825 426
70 910
483 148
355 840
198 764
498 873
8 517
608 396
607 903
10 507
997 395
603 266
635 715
208 551
185 387
236 484
454 780
542 899
608 365
785 817
274 409
161 406
606 807
830 381
918 299
898 324
971 761
294 890
519 812
373 361
199 438
612 528
350 871
222 361
883 422
25 442
763 495
455 617
222 513
996 863
275 947
937 801
659 193
754 858
758 509
990 525
640 713
959 693
768 892
127 523
506 809
503 833
993 255
905 460
498 41
418 566
827 864
907 367
900 761
925 242
69 365
849 698
295 697
602 152
748 688
804 13
957 176
675 17
72 575
565 290
360 954
434 114
502 728
123 854
813 690
782 21
951 596
270 939
227 31
897 985
108 765
332 869
996 326
30 924
889 996
24 871
12 969
417 41
9 870
429 503
801 364
328 78
683 71
107 715
784 509
232 179
448 282
322 535
665 220
89 392
115 719
398 373
942 962
771 787
840 278
200 959
544 321
601 205
328 317
743 899
592 87
25 625
150 54
914 859
287 976
404 164
201 598
336 372
919 964
928 696
267 596
344 277
8 256
666 98
727 519
92 771
562 872
726 123
377 555
782 96
466 866
556 892
381 144
20 850
991 162
356 21
342 125
299 913
436 21
622 362
504 515
601 14
882 131
817 377
73 914
128 910
87 320
161 131
670 527
161 195
490 899
550 919
902 821
34 734
355 623
599 505
65 802
247 722
26 284
809 998
963 914
689 368
318 923
863 345
862 569
1 202
28 675
39 455
561 298
50 10
572 226
758 943
595 532
538 391
744 909
247 503
554 997
731 944
606 418
339 901
535 750
315 72
498 146
382 599
718 825
379 419
176 150
290 999
63 512
514 926
72 742
706 317
133 261
50 519
681 703
297 75
47 208
409 412
75 125
170 227
550 327
584 44
537 871
420 900
216 208
747 637
323 671
791 768
770 459
977 380
553 832
475 49
537 735
119 236
214 579
25 123
17 386
760 376
305 23
402 781
586 741
338 241
96 745
141 94
315 2
371 220
513 16
644 910
926 780
812 963
652 635
599 977
861 241
532 312
414 393
521 683
483 887
921 860
267 165
423 436
400 955
623 139
136 621
606 652
916 448
389 419
408 572
577 382
603 785
58 152
76 927
96 553
999 79
661 24
996 290
338 843
438 40
657 641
274 172
192 176
990 500
279 836
782 827
675 842
547 569
25 607
787 726
473 244
10 409
254 667
722 637
618 270
622 637
925 639
65 346
268 287
413 355
445 854
353 996
639 763
777 800
653 790
323 48
34 515
169 620
928 132
167 877
23 577
928 780
414 451
923 981
729 698
230 87
378 515
985 826
247 461
160 341
693 224
741 307
189 33
912 116
440 166
334 837
349 533
112 161
639 801
548 68
500 28
268 425
104 272
821 225
309 156
343 711
428 836
380 72
379 370
459 955
81 923
507 502
420 811
713 127
648 821
918 756
541 803
135 756
178 982
284 254
665 974
754 86
669 960
860 70
79 3
806 851
671 964
250 13
92 990
49 681
19 46
295 348
839 453
220 122
685 908
81 132
188 948
604 297
761 335
81 183
793 317
735 176
564 254
411 665
254 557
222 483
864 420
219 305
415 316
695 224
246 719
200 234
780 18
882 832
581 108
227 451
56 603
806 955
642 168
116 912
822 904
111 851
824 292
514 245
320 637
511 415
7 492
907 91
375 29
361 837
536 831
760 68
437 59
362 874
320 483
776 362
748 329
381 755
70 418
284 940
638 565
401 708
651 709
754 389
940 733
595 111
562 463
426 386
533 786
527 271
544 386
79 782
13 38
475 825
307 960
915 320
482 157
879 770
388 257
570 973
470 788
918 111
131 369
251 913
974 796
206 141
792 467
998 93
629 142
619 346
770 486
73 471
998 376
243 925
962 433
468 843
995 757
447 950
242 321
542 311
421 3
85 138
72 725
786 372
639 657
819 258
225 970
707 634
362 89
567 153
646 937
840 153
573 112
78 397
429 495
887 401
567 229
632 570
924 563
975 855
120 508
864 160
970 793
45 208
782 73
711 92
246 875
363 217
295 229
490 879
753 475
158 160
133 204
95 401
419 793
382 930
176 525
321 304
834 741
598 748
497 9
313 32
99 762
990 503
282 391
143 476
809 253
504 720
876 561
505 251
160 629
102 145
946 442
542 601
177 9
158 963
776 485
795 925
73 517
961 636
689 787
278 927
724 223
358 370
581 841
672 399
279 697
514 203
597 903
658 617
890 194
797 721
923 994
359 374
566 466
792 397
698 513
916 626
153 188
434 555
65 491
190 777
442 23
277 963
331 457
582 575
396 304
871 46
269 936
987 641
510 341
283 722
527 570
862 624
286 357
727 876
176 865
432 976
844 44
329 441
378 558
9 352
649 749
14 115
178 618
444 645
366 281
515 707
420 867
700 628
842 345
512 91
794 221
553 240
214 601
894 807
1 567
412 485
133 348
144 266
46 253
275 958
126 830
851 599
658 218
796 999
72 173
348 114
831 727
489 472
809 942
474 389
493 751
50 163
866 325
458 990
299 960
808 811
316 939
933 806
549 342
297 759
757 269
72 14
228 453
958 231
419 722
852 673
180 285
959 235
394 311
435 936
396 763
150 91
989 966
686 889
433 867
132 582
211 466
805 18
958 378
459 731
366 999
94 298
417 247
960 204
797 342
836 907
824 594
192 341
734 673
316 567
682 326
11 800
278 5
948 509
27 387
271 842
501 241
546 61
592 625
652 231
685 862
704 865
104 291
603 758
668 231
309 716
700 158
424 401
334 532
183 25
469 270
457 92
209 322
836 915
124 310
416 130
198 720
360 926
788 597
836 200
441 216
436 364
921 708
643 29
286 98
474 262
353 725
858 665
403 518
873 968
462 101
417 375
11 172
409 364
459 163
124 176
231 609
743 702
810 229
723 985
572 164
65 71
777 354
98 399
531 517
847 487
89 703
597 94
326 880
736 608
730 545
480 855
752 799
564 70
864 877
497 226
162 593
483 459
870 667
583 791
569 410
230 893
515 726
682 73
879 911
509 243
247 206
702 61
247 581
509 970
611 718
583 365
556 657
535 590
793 80
498 993
25 694
773 764
286 689
179 752
935 741
175 12
687 514
365 274
488 155
472 57
611 721
376 671
787 34
310 784
738 915
811 814
941 273
512 833
975 15
376 228
293 249
464 814
756 746
828 630
783 130
628 144
455 764
56 70
418 808
178 518
929 401
271 716
886 458
761 992
190 33
341 257
282 722
386 701
195 81
231 922
967 517
432 199
763 629
582 142
542 467
789 424
620 671
409 823
963 965
117 287
567 980
926 246
762 855
232 886
773 609
493 599
408 738
621 347
189 6
695 128
787 910
76 291
98 766
534 910
806 918
457 920
776 998
760 263
123 745
576 734
292 322
317 767
6 617
215 869
418 490
917 920
308 437
254 65
678 635
740 411
579 845
940 252
516 136
259 30
289 899
273 770
584 121
187 187
190 387
511 202
164 583
553 69
794 758
815 845
711 129
901 416
978 681
7 797
519 348
615 926
713 228
456 672
514 812
365 276
924 687
91 939
176 692
686 782
465 988
538 890
575 8
671 671
231 768
379 227
546 496
804 985
381 52
545 276
977 108
899 109
699 561
818 831
230 133
182 922
72 648
479 615
681 938
488 577
96 854
59 370
392 346
582 898
808 93
235 575
899 628
614 415
539 460
834 783
136 125
689 9
895 665
976 587
472 492
567 193
864 93
330 210
881 574
488 14
44 482
507 716
239 897
120 582
1 241
564 858
735 794
636 217
749 374
650 536
420 147
909 233
354 45
758 887
871 757
840 336
665 758
621 4
985 347
805 651
171 168
714 274
899 175
231 379
978 514
402 341
31 287
292 69
920 676
190 698
247 383
739 523
783 862
118 900
157 314
840 323
666 910
271 406
531 207
466 983
458 232
413 43
840 205
280 728
444 361
752 96
930 843
66 892
39 143
823 20
808 43
178 952
636 544
503 785
564 734
113 173
595 79
149 837
415 96
213 892
343 877
854 690
868 437
484 415
605 359
838 138
19 685
550 549
762 551
960 98
965 508
726 749
329 15
353 74
353 64
216 902
561 409
186 245
43 369
438 721
185 669
550 183
904 295
473 783
254 820
473 189
731 188
640 169
127 405
52 261
285 119
194 753
576 550
719 684
468 750
152 95
15 644
625 241
610 836
240 977
857 645
153 57
888 337
969 545
992 20
553 63
871 176
833 97
397 298
706 83
187 598
633 478
861 256
11 553
313 176
930 111
843 728
394 859
498 427
612 647
455 37
444 299
804 57
600 243
563 56
682 677
273 836
670 468
19 887
938 519
219 92
400 823
19 176
870 906
650 833
247 900
580 41
597 945
807 491
745 156
146 634
461 857
834 294
831 317
320 323
916 692
569 265
290 404
721 501
538 667
466 839
333 385
960 20
161 135
634 111
297 456
747 249
139 169
6 708
466 936
124 758
737 783
633 282
20 804
818 625
634 768
100 634
112 842
722 372
569 157
72 460
68 420
500 525
95 316
959 720
707 892
321 790
473 659
711 637
792 628
707 872
677 988
735 314
607 664
522 899
534 455
937 984
651 981
71 489
988 157
893 880
467 406
334 426
480 344
138 730
590 137
320 975
466 266
587 879
619 902
549 810
53 633
79 35
418 730
655 578
756 707
38 641
440 357
118 78
391 16
276 868
178 250
119 72
82 694
904 239
734 263
523 719
400 446
375 875
525 912
979 632
623 138
658 365
102 280
156 563
126 11
522 263
101 539
96 708
888 523
962 207
319 109
693 648
133 809
739 668
909 430
302 901
90 778
45 319
708 367
466 105
880 822
301 34
687 236
775 835
525 158
72 503
519 460
843 25
91 792
111 486
286 841
414 37
942 112
525 677
298 464
596 337
134 97
72 206
43 227
212 808
920 162
574 755
264 992
284 683
393 622
465 308
156 359
635 101
244 779
454 519
689 75
623 293
647 639
322 711
59 54
994 392
278 253
839 496
264 36
863 861
441 680
805 18
799 857
819 559
341 575
219 831
482 361
159 418
463 410
574 387
406 917
238 756
85 306
272 164
9 580
953 207
918 505
168 408
275 861
349 285
863 455
240 504
59 137
344 561
903 527
378 977
536 671
594 476
111 353
306 105
772 269
464 773
785 794
621 173
428 555
138 557
717 527
966 339
583 876
852 977
572 262
317 131
681 827
242 534
404 579
406 571
605 402
831 18
290 396
262 918
882 778
635 61
95 57
878 38
998 707
885 328
356 46
5 406
856 552
893 319
296 330
70 720
345 938
27 806
957 320
221 151
40 25
814 889
467 465
488 215
29 413
179 683
421 463
87 264
857 672
791 626
398 103
826 615
606 489
549 408
594 729
658 289
90 449
187 537
586 331
342 385
182 438
1 516
215 257
240 75
260 666
710 655
605 557
233 229
786 324
432 504
290 944
766 654
999 859
791 911
486 387
12 972
746 877
148 707
468 324
171 113
425 670
955 13
89 502
881 436
63 369
238 175
415 441
768 474
516 719
199 320
482 526
107 307
789 485
949 543
189 720
620 561
489 478
363 714
308 907
393 20
398 205
61 912
619 851
918 883
171 149
512 481
171 792
262 626
163 672
264 718
672 656
357 504
375 538
302 178
999 898
422 671
531 71
528 611
835 965
504 922
275 928
364 517
430 389
147 70
498 503
484 330
488 497
183 938
783 956
671 231
179 754
651 983
984 861
795 575
277 728
841 538
921 488
920 956
418 677
461 689
207 702
532 886
492 768
931 763
197 492
900 104
148 914
796 459
61 125
550 513
439 239
279 585
982 918
875 735
576 170
937 436
485 646
862 297
819 148
465 785
882 566
952 436
488 971
605 506
846 70
14 539
98 758
196 822
114 965
458 195
625 540
336 174
307 371
459 881
887 472
680 716
882 250
318 272
59 674
855 439
206 560
936 175
311 698
4 915
752 31
426 83
567 615
452 670
429 568
840 363
392 732
504 176
25 275
23 63
6 930
356 478
787 113
599 348
417 629
144 436
115 174
70 553
687 380
110 596
389 584
51 873
316 77
893 689
920 27
623 666
753 800
948 750
19 906
816 392
36 277
92 862
201 109
210 167
550 974
166 534
507 422
672 948
917 811
836 688
955 550
205 344
5 504
503 287
110 769
931 47
68 525
349 580
790 207
200 889
2 694
508 969
883 744
813 532
738 395
355 509
301 541
385 768
751 416
924 30
52 191
821 459
696 411
454 878
443 494
921 95
170 993
55 293
397 865
115 973
602 446
500 397
909 357
314 12
257 67
145 823
618 316
891 181
383 132
973 955
503 654
790 561
465 480
755 805
714 757
751 27
612 736
354 501
515 9
671 559
75 145
133 418
360 945
81 171
876 37
503 914
94 27
752 474
575 921
591 710
277 50
425 857
155 196
31 879
630 165
669 298
33 492
883 473
613 534
860 795
199 635
676 764
121 608
284 425
473 237
575 119
312 27
371 30
897 911
677 493
552 147
51 523
246 109
425 552
493 197
228 823
660 590
152 421
270 50
395 412
411 507
751 49
825 630
357 520
787 123
468 211
357 938
89 935
105 152
816 127
898 703
718 433
847 721
622 707
8 661
625 839
922 963
194 424
603 457
680 709
53 230
612 809
903 173
591 642
286 932
148 572
505 477
393 209
631 5
811 350
585 405
45 516
823 997
9 73
217 762
168 383
205 787
347 968
830 145
893 157
744 919
543 172
776 601
847 142
163 574
473 984
30 904
258 660
210 156
334 734
16 453
182 735
37 504
944 276
558 802
861 398
716 737
154 116
949 814
206 626
875 718
393 152
154 435
396 894
460 141
339 47
133 98
613 365
620 248
705 227
290 751
897 694
721 167
165 499
49 509
127 465
480 881
390 299
551 930
124 246
232 813
222 562
479 918
883 277
309 42
962 221
8 252
930 775
558 147
791 323
878 737
798 867
974 665
311 779
593 979
639 153
467 186
216 734
749 793
948 885
739 67
80 564
477 224
421 779
308 769
280 495
20 205
939 447
633 827
36 851
437 829
668 455
385 433
582 923
418 257
290 6
828 657
453 469
242 240
365 253
333 284
909 830
843 275
801 227
14 280
476 681
18 381
469 400
490 880
614 397
744 501
928 864
773 304
508 55
630 531
284 146
276 98
988 49
493 968
165 634
955 96
573 341
54 194
832 643
566 13
637 330
763 374
409 91
53 658
703 347
750 982
234 816
63 773
858 778
899 958
344 502
577 501
301 810
43 483
79 243
677 472
8 801
295 378
811 723
429 521
526 276
491 137
802 26
898 27
889 550
769 578
184 71
280 876
664 972
266 117
61 668
170 53
114 796
940 673
745 202
943 856
499 681
524 195
107 946
269 735
487 804
596 816
59 987
748 761
697 617
783 625
162 789
673 709
374 209
79 76
351 380
918 778
173 304
299 11
796 152
944 929
83 887
652 315
878 302
943 851
469 443
438 189
297 887
95 549
237 836
877 59
304 510
957 561
130 796
52 97
51 625
972 795
145 48
990 376
77 475
110 997
77 54
855 650
912 646
626 839
184 384
276 751
805 255
947 634
984 714
796 619
583 756
686 677
169 447
444 957
627 372
777 207
652 957
437 503
984 159
737 1000
729 463
2 936
591 684
54 584
381 520
326 403
635 337
695 74
684 148
631 669
29 263
749 644
353 570
372 900
22 922
181 611
415 590
562 56
928 270
726 152
998 583
220 927
981 570
895 644
247 121
948 783
313 826
116 629
374 215
627 649
66 840
992 405
817 190
243 208
614 894
692 236
541 178
835 330
927 63
459 197
451 242
573 225
44 145
247 638
937 119
950 216
686 223
486 272
540 592
114 146
977 842
964 890
750 487
312 403
309 828
843 703
916 296
466 574
317 710
794 304
297 417
873 720
985 787
258 260
224 31
27 279
877 809
832 326
395 597
571 596
495 285
785 286
297 970
369 71
756 416
689 415
740 150
705 940
596 656
186 571
535 652
612 675
706 894
870 911
279 502
313 13
385 261
302 227
277 861
802 609
518 567
146 916
584 265
541 308
684 359
429 564
174 501
282 55
387 601
931 167
232 103
22 417
409 987
694 964
571 470
70 738
293 871
659 909
176 615
252 914
946 830
428 755
873 534
232 798
373 843
152 774
121 205
963 225
528 102
542 90
927 205
258 666
299 444
4 651
897 959
495 504
609 412
904 816
394 612
437 938
649 938
950 567
839 521
180 510
236 650
709 354
123 380
231 255
287 805
240 557
156 965
706 480
430 852
859 574
530 502
653 168
732 611
21 539
313 671
501 4
556 83
336 664
968 216
637 24
539 884
704 195
397 202
102 900
700 305
577 13
107 879
418 834
670 992
346 838
501 179
534 92
44 257
850 80
303 840
904 150
869 13
17 293
93 151
682 479
241 330
625 273
980 320
51 941
40 617
184 769
393 476
669 817
787 437
955 822
999 284
241 465
621 933
79 733
748 194
226 588
403 894
847 652
37 314
653 147
954 430
78 791
8 901
75 879
403 291
639 264
960 488
641 455
670 790
74 554
898 624
296 254
72 369
372 603
197 252
106 770
53 781
851 522
397 698
706 632
40 896
170 937
119 297
874 265
423 136
464 951
110 637
233 160
661 536
609 734
410 432
71 781
509 425
607 735
645 15
293 89
380 733
97 529
443 462
495 697
820 930
994 276
984 336
162 646
116 579
248 810
657 60
994 809
26 523
731 360
863 911
352 916
633 692
252 883
929 643
838 206
329 538
691 35
147 731
988 708
916 90
260 754
950 247
99 140
839 645
890 482
199 347
178 438
543 67
747 999
603 402
19 906
951 729
862 893
262 738
396 997
68 67
898 643
334 9
393 714
715 763
33 343
829 192
849 634
385 559
975 33
527 211
936 566
218 683
96 669
20 179
855 823
112 913
696 712
882 271
664 129
951 260
387 341
959 222
221 142
962 275
609 297
789 446
266 611
193 982
262 340
145 781
614 149
119 439
469 350
702 862
481 638
376 922
465 32
830 118
935 254
613 728
607 259
513 390
470 124
470 616
511 40
391 180
701 597
692 862
313 105
930 519
194 151
351 941
57 124
711 468
412 920
204 838
206 544
850 233
788 842
177 983
277 55
545 916
929 443
965 804
607 679
736 884
935 235
766 917
237 486
904 765
852 743
136 932
922 934
987 69
243 160
968 883
272 832
423 436
890 622
601 294
10 932
319 505
618 112
44 857
359 141
741 409
240 987
338 740
557 366
137 901
639 128
34 527
492 972
874 94
959 722
797 768
460 878
911 837
935 660
139 171
58 268
588 708
340 567
272 403
191 932
548 636
559 453
92 529
212 232
777 149
289 990
280 68
180 690
773 241
362 415
536 678
251 203
838 873
697 60
932 463
186 884
498 89
370 498
395 910
990 527
44 766
817 327
310 440
673 695
201 985
156 568
252 602
137 437
919 23
638 694
841 874
185 626
297 980
219 282
723 97
665 926
616 19
261 292
674 540
722 378
518 242
355 965
833 574
193 619
289 185
272 356
55 990
113 722
284 936
35 482
390 925
356 655
467 884
119 100
696 426
393 378
81 92
777 112
360 631
182 554
435 288
487 589
160 576
176 889
832 489
527 428
241 634
465 97
602 248
672 621
227 567
32 493
277 522
24 167
442 215
144 201
880 171
955 593
274 802
861 2
344 80
186 108
652 869
674 792
56 899
981 382
650 835
267 675
525 422
476 946
220 177
403 679
173 578
128 221
47 244
935 93
254 53
284 168
528 684
946 433
897 536
888 568
880 508
6 34
275 593
297 923
367 772
562 260
898 159
238 986
659 883
449 348
27 660
876 907
309 536
527 873
222 762
17 16
364 273
440 834
9 739
431 226
87 661
508 373
669 470
300 55
821 108
734 112
161 59
795 282
964 292
942 119
163 86
773 224
78 220
41 498
238 471
602 640
115 913
407 605
131 973
110 252
777 714
401 883
184 315
658 906
994 221
999 335
878 924
343 344
531 847
560 604
506 305
318 605
717 2
707 697
961 38
244 58
300 902
344 319
654 398
862 50
431 3
787 840
561 598
694 183
764 59
32 885
389 667
866 220
691 809
138 547
866 941
61 609
697 278
737 230
163 184
584 637
837 719
675 111
436 336
574 206
346 166
773 232
492 886
316 238
366 620
709 210
585 861
700 698
803 857
36 587
332 456
786 250
308 861
315 782
756 273
514 535
381 885
378 691
453 197
518 69
602 129
713 897
889 887
81 773
987 58
979 512
815 904
208 128
469 325
639 639
807 450
825 946
502 337
725 466
941 743
103 778
790 436
722 975
580 14
908 940
148 707
583 288
295 123
372 163
478 413
860 630
907 813
600 872
873 53
973 915
655 573
485 90
853 45
592 966
489 140
662 961
717 36
148 352
488 615
582 907
21 833
474 854
404 216
712 404
191 967
563 554
327 642
856 381
245 868
456 550
481 72
608 253
654 683
255 297
142 788
922 567
320 702
256 570
678 419
817 287
683 421
215 55
719 810
194 688
951 225
733 563
452 523
792 889
453 694
766 873
34 956
259 6
124 540
264 191
139 86
350 923
108 163
933 245
626 845
254 701
486 838
120 997
327 113
41 602
138 518
824 986
973 339
239 742
716 274
837 287
230 791
529 370
755 347
1 108
871 421
573 767
900 839
596 1000
65 365
963 776
264 14
854 698
801 65
291 952
908 238
594 585
425 11
353 344
445 534
983 786
311 117
473 891
770 764
422 877
654 712
947 454
919 445
562 228
388 166
625 467
46 173
437 968
226 131
602 214
531 689
726 574
834 419
51 732
207 558
140 87
115 491
164 336
720 480
935 950
638 581
231 776
5 224
548 473
172 442
838 9
896 185
357 926
357 721
191 606
852 568
572 249
500 946
566 777
816 196
240 395
486 155
882 21
192 945
390 297
828 141
402 411
955 803
286 450
833 319
555 486
878 551
823 135
890 227
886 787
887 74
28 252
896 642
132 5
545 293
708 790
794 331
419 760
654 726
203 912
240 420
587 1
988 668
278 674
401 390
639 36
146 3
130 362
867 697
315 184
534 634
529 460
698 21
794 52
471 547
80 234
593 134
512 435
418 488
604 953
176 399
119 847
335 277
657 727
425 887
547 671
159 739
160 971
202 128
212 939
414 263
168 493
933 479
338 729
934 985
749 213
394 121
405 199
728 598
2 502
630 680
725 235
953 786
190 142
998 473
142 729
22 278
2 923
338 378
851 482
834 540
943 853
261 333
354 731
132 73
841 999
572 455
529 302
979 358
488 951
809 785
832 387
367 403
398 916
912 661
621 946
946 939
696 427
17 716
605 733
881 215
129 686
375 493
416 953
830 445
205 530
390 697
312 534
51 855
450 17
793 64
999 31
631 375
799 646
932 856
579 156
846 944
104 190
190 984
629 927
634 443
775 168
526 752
394 447
207 255
538 930
150 230
115 304
780 449
325 376
307 249
479 605
423 586
283 289
201 24
190 618
46 155
910 309
36 396
670 59
501 634
320 514
183 707
883 988
816 165
630 641
476 295
287 340
545 872
465 923
626 614
901 76
256 791
605 555
767 981
513 959
129 425
737 783
123 949
997 960
691 935
347 620
801 298
767 280
672 942
733 184
709 662
349 8
982 964
137 664
598 769
79 395
817 472
9 910
232 319
932 756
893 578
395 649
679 474
466 999
798 340
448 321
730 982
898 778
475 695
62 549
442 924
305 267
824 21
639 223
805 83
945 566
436 318
971 220
536 939
710 727
447 17
253 742
998 295
697 404
518 414
221 280
239 519
907 134
941 728
412 205
165 414
74 239
869 786
554 981
830 720
608 350
674 330
72 8
853 228
673 562
423 952
731 85
964 531
385 211
487 651
393 497
670 394
137 278
270 18
905 737
49 747
48 411
66 43
113 838
667 313
536 583
35 551
995 344
621 846
18 369
316 258
927 896
707 7
735 842
250 457
65 448
715 859
702 109
740 325
861 107
843 990
777 457
730 856
695 598
245 254
868 134
811 421
643 354
694 146
250 749
950 953
358 231
378 800
21 300
347 752
85 845
816 604
669 827
415 919
795 541
905 451
777 690
886 420
450 981
82 610
845 469
42 762
388 359
621 219
238 494
65 306
834 240
51 407
264 994
528 201
