10000
2990 7598
2482 8021
9784 3812
311 9398
8344 5734
9431 4065
861 9462
5159 4586
5215 1170
8825 2371
1313 4614
3729 4145
7210 2423
7601 7029
4704 2084
3748 5676
9088 2575
8090 9887
2756 2588
4254 6160
7340 6259
3923 1600
4065 7363
4628 3630
7028 7905
2171 3939
9058 2033
9860 107
4872 1233
1749 3344
1203 1722
2073 5778
8583 9991
8060 5730
4477 7426
8303 4421
2451 9952
3898 2537
7067 3629
4514 94
9180 2151
6595 8043
1340 7169
5878 5054
7975 7384
1417 7909
47 7356
3295 8947
8875 1943
1215 8994
8790 7339
6165 9229
3344 4613
2323 400
4727 6724
1417 2851
1102 4912
6705 5782
1537 5439
8776 9188
3215 2584
355 6904
629 8855
2293 4215
1426 8342
7945 8438
8605 4149
8111 5942
3747 5856
3725 4024
969 7924
8496 1090
6289 5003
8668 3572
2087 5074
2105 3023
1353 6352
3870 1819
1402 8904
510 924
1762 6908
201 8130
5892 2494
976 231
1450 7106
4198 7556
8778 1319
5477 4309
2296 9053
218 3138
4493 7116
5979 7387
7209 6018
8837 9459
9885 2997
5952 8731
9469 3176
1494 7454
1682 9821
8154 8080
8306 9600
1393 459
203 3812
8647 2321
741 1503
649 1518
9317 5419
7075 3421
9669 6728
3690 1941
2655 9442
3187 7605
8198 495
6902 1104
6072 6393
9604 5787
231 2389
4528 7503
6355 5116
854 5250
7306 4605
818 1064
6187 6652
8635 2577
1679 1437
8427 6695
5357 9361
3344 7824
5661 23
3062 9087
8219 5282
1848 9959
7203 2336
4381 8775
7407 7758
1510 3534
1735 8427
3144 9440
3791 295
459 6620
248 915
4607 6460
2693 6686
4117 9984
3632 733
8174 6723
6343 2376
7969 7518
3262 4116
3294 9673
2594 7077
6589 7921
7833 846
1609 9620
9881 8639
8913 7628
6448 3743
5354 9293
8431 8163
9761 4989
7950 9409
2003 4645
7727 6372
7613 5698
6511 216
5171 907
216 1226
8628 9474
3470 7553
1758 9894
1271 6790
6924 7991
5413 6316
5352 8559
5402 3350
1095 4058
8513 649
5874 8797
8716 8783
6988 2045
9117 937
5477 8500
7633 1169
6726 9567
577 2053
697 3863
3837 2665
3981 412
6341 2839
849 2938
5495 4618
5498 8722
9286 6861
2674 437
4719 3931
8866 4418
7306 4393
1242 3788
1268 683
6544 9887
5146 5659
7097 441
2518 6995
6137 7906
2489 5333
9655 6422
9668 7149
6913 823
8292 8269
6855 6134
204 8953
2579 989
1370 6507
1057 3418
6607 6356
308 2434
7235 7502
1188 3854
1315 3322
6007 3800
1181 3627
1142 8314
7936 8940
5845 2518
7618 2908
4430 7771
8705 3797
4024 241
5661 1018
5076 9351
8199 7591
6802 9520
962 4522
4765 3639
3294 8000
2768 1735
3800 5367
6246 3231
9379 799
9364 6276
3415 6623
2974 2543
2818 1226
5660 971
8595 9476
5014 8860
9654 6603
1377 3769
4508 1473
1186 4649
579 197
2158 5662
5793 6009
7464 1103
2140 6345
1098 4875
5896 3075
1626 2956
4198 6812
6507 2288
2650 1244
4152 4531
3646 8417
5943 8118
116 919
5369 7046
4361 1894
6482 9849
6670 8822
8856 7172
3422 2013
1240 1411
9334 3736
1087 6832
3569 8942
2149 3613
4366 3498
7330 4261
1910 874
8976 5817
4094 3241
3797 6308
4890 7883
4604 8871
2 4888
6045 1991
9493 7047
6547 9289
2068 7891
3619 7301
710 8816
4731 4680
4347 1224
951 1260
5246 4625
5512 427
6809 6628
4515 3222
1481 5768
1950 7619
3424 3100
6216 1427
5683 3506
336 2226
6498 2636
3048 2810
4469 442
2963 5535
7259 7224
2983 4053
3513 3135
7149 5824
2693 7085
7128 3889
2509 5967
511 1296
8632 166
8117 6659
6383 6261
2488 4255
9085 2882
4762 7114
2752 647
2116 6538
1828 2110
2954 6473
5635 2681
2050 6195
240 8426
2807 9723
5415 1710
8838 5417
1385 604
2056 4180
5049 2994
9444 9717
355 1351
5713 9285
2530 9065
4022 8359
846 4307
1956 7670
9598 2351
4939 6038
2005 2281
4282 7451
6698 9041
2047 5810
1506 6745
9908 5792
4197 4202
4212 3269
4894 8577
4413 3704
9836 8145
7078 1983
1166 54
2641 2103
2450 4047
7102 166
4607 8090
5850 9111
1925 6812
1815 8614
2879 8734
5107 8614
5406 3191
6357 9879
1354 2908
938 67
9764 3150
6243 8706
3703 3400
9227 9545
303 2486
6388 3704
8727 3107
3367 2053
5720 6693
6381 282
3449 4528
2650 5074
9320 6084
2012 4828
2446 503
6926 3380
6473 2152
3037 136
3435 6208
7493 5083
8329 5191
7209 2088
9110 2398
4251 8942
1773 3163
549 7580
5228 9895
9098 2914
5642 1813
3868 3709
4945 5334
5578 3963
3183 6038
5543 8196
9402 8154
4779 9114
764 2504
539 1067
4560 8841
7486 7753
2835 3514
5681 7585
4286 8417
2573 5188
3140 2123
1182 2428
9690 9186
1656 7449
2176 8506
8409 5119
4709 6725
9990 7348
907 7576
3915 6705
7948 3126
3616 1775
720 7852
9707 7688
757 1487
2761 262
9643 1573
9770 7203
1578 1656
1488 4783
4798 6068
2842 3451
6520 7222
3591 808
1118 6372
1436 5375
6203 3759
4746 9609
6305 9094
7115 5589
8840 8314
908 1817
2043 7533
2013 4565
9574 155
2960 2221
1456 8047
6613 6052
6063 2758
7612 5830
2821 7668
3763 3764
320 7053
4548 5169
9529 2970
8957 9307
6792 5915
9826 8843
6295 187
6855 1357
6701 9903
5524 1334
1620 6580
4056 6092
8629 4257
5644 4061
6502 3054
8121 8872
5355 7139
8252 7681
9393 8023
2850 7166
6935 9122
3885 5645
7417 2530
9801 4734
47 3936
193 9004
3824 6616
6066 7056
3571 458
2840 2463
1708 6931
8296 8012
426 5956
2654 1683
3960 5606
2969 7809
5654 579
9022 1840
9486 370
2918 2166
763 3100
9542 7426
5663 5915
104 2740
4305 7911
5918 3308
7052 6514
4637 8806
8714 3258
6110 7027
359 9889
54 187
3396 743
2735 2356
5647 2328
4836 1433
4061 6057
7710 4108
3794 5051
188 7253
8308 978
3155 4181
205 1830
4057 9193
7464 6612
8540 8875
4777 7851
1408 3565
4670 7882
4082 7436
8102 9837
750 628
9215 9277
397 1868
3936 7412
6903 5017
7121 1835
4393 7981
7905 5718
28 7422
7981 1394
1425 7705
2466 9284
896 7522
8048 8079
3687 2634
8120 7142
2413 8157
9563 7045
4866 8839
875 9194
7395 764
6346 470
1037 2918
5949 3830
2588 2056
5635 798
7810 9304
7739 6793
8944 1947
6164 5227
3735 8816
6030 1302
8145 2738
2504 1459
9944 8466
8453 9410
5373 9542
5651 4683
6051 2515
9198 4630
8336 1967
9855 5824
2302 4774
3975 5797
2543 7042
5714 1033
7974 2161
1225 2186
2825 3402
9502 2428
6018 9507
9580 9883
1106 6709
8762 87
3965 5607
1576 9395
433 6344
4137 5291
1071 528
3610 4524
5245 3324
7458 5016
1712 4162
2157 2480
7895 9492
6081 7674
5039 6031
6225 5250
1429 7938
3470 107
871 6343
6067 2215
8604 4686
6035 5826
1848 8293
8147 4017
7164 1620
6218 4508
1824 1622
6345 7677
1363 664
1828 2733
520 7421
9420 2959
9738 9211
1628 5981
4422 4182
4722 9991
9135 6805
7169 1870
3927 5106
8151 8132
4978 3070
878 4651
6743 6659
369 6086
7795 6886
394 951
7537 8371
9263 3271
5992 6825
9152 6759
3835 3898
8650 2438
4875 2826
3219 5676
8166 3320
3246 3536
1926 9126
4385 8404
6468 6700
9870 8827
8321 8439
9490 3487
2728 8889
4909 9261
6710 7389
6019 9303
9887 5576
8025 2083
5237 3185
3931 7311
6985 597
2123 9708
7811 1553
3748 6535
2559 4489
9553 9835
636 5917
893 9314
4294 4294
4579 6814
4978 7825
6271 8291
4921 4614
2083 4264
6193 8632
3108 4653
4364 9914
2532 8942
8997 2430
39 7626
8137 8079
3185 5853
8993 224
438 5218
1998 5220
5556 4629
440 5365
8009 6208
2841 1723
9122 7135
281 230
8621 3392
5849 9559
1288 6341
8413 4146
8392 8070
7890 837
3596 6442
4211 2580
8026 5794
7166 7610
4185 4218
9306 7558
3401 3356
9112 2925
6503 1658
6600 9351
2400 7032
8546 3133
4267 9825
5546 9405
8004 2074
8062 1442
2678 3970
3671 4515
7620 3453
2685 2722
5874 9903
4346 2261
8673 7847
764 9556
649 1612
811 7685
440 6890
1125 9550
6409 122
6450 1220
2134 1658
6466 3887
1384 3621
1315 7872
7244 8416
3007 7126
5093 8823
4893 7646
4117 5606
6388 8264
7045 3584
5138 7230
2795 2092
3818 3037
1713 775
3740 2921
8104 6652
2473 7474
9734 3391
7648 4807
8986 8719
4144 2704
5374 924
6844 2197
4085 372
6137 1009
242 6979
8369 297
3586 9582
8419 3130
3245 8140
6593 8146
7299 4702
7019 6821
6805 4088
9738 7789
8995 208
3673 6651
9314 8968
2658 4710
6993 3694
1728 5065
3849 4008
5852 9513
992 4111
8285 4683
3132 1383
748 849
5165 1262
2600 1856
741 9332
1217 9597
7485 6543
732 1474
8569 8530
1355 4294
5318 4935
6440 3016
539 9701
9499 7813
7258 8246
8336 7857
2561 2484
8507 5294
1211 9603
3278 7823
8744 5557
2276 3326
8729 9197
6020 4994
3860 7995
8518 370
5602 1271
5114 2761
2049 1894
7784 8447
8690 2365
5053 8130
1785 6237
8736 6060
9009 806
4674 5274
7085 2008
9671 2381
1066 7454
1802 342
4970 8562
6294 2673
8448 7690
4154 7511
9176 1242
5744 4977
5657 4659
6482 6290
116 246
6861 8037
6193 3765
3974 77
1090 743
6720 480
6894 8411
1904 5963
743 4242
3392 1249
8520 6991
1526 5787
1782 1207
4977 1278
2588 1132
2228 8437
5933 4928
4874 6427
4461 5187
9925 3411
5152 6633
3303 1655
2678 6978
1712 5615
9088 1859
5081 6456
4548 9788
6759 1426
8790 8068
3646 1537
7980 5599
3461 5986
6674 3514
1324 6744
9571 9590
2837 1767
2727 7361
5863 247
8941 5878
8178 8368
6975 1049
3197 8967
9321 4505
944 3575
8186 912
6474 253
4386 9689
2914 5662
8840 2046
1328 4818
1345 9307
4584 6949
6331 3423
7406 915
271 5643
9816 8603
436 4261
6134 9764
9692 7381
6735 6695
7018 1643
4748 2238
8427 2842
4880 9505
7995 9379
6563 6788
3667 4480
8599 6075
7544 8126
7499 8624
5318 4623
6700 6016
4566 6757
8851 145
6578 2466
8349 560
1397 4974
6317 2617
783 2313
5217 4865
8766 7180
5268 9107
4486 3067
9881 1574
7007 7591
2273 8657
6793 8976
470 5614
3524 6609
2870 1717
4956 1623
1564 253
6496 8433
5594 6826
6198 3166
1344 4406
4841 9930
2246 8539
5808 837
4989 1187
4426 752
4420 6605
1474 2675
4325 7716
530 4704
6273 6403
3866 4526
3721 6174
6552 2358
3551 616
3478 8282
2243 6103
8973 4921
8861 2163
3707 1371
2046 7968
8568 9354
3196 8377
195 7504
3028 7956
7866 4742
3707 6437
6412 8665
3725 4032
4862 9901
7726 48
5491 8349
8458 3246
2974 2257
3041 7368
8317 6064
738 285
7261 7956
4420 188
7858 3061
2907 7277
6878 3232
6380 4365
9759 9338
2041 4851
3787 7027
2218 1497
9170 1873
2097 4436
7723 4857
9275 1858
3833 4121
2311 1815
7399 3926
470 8571
3425 6756
1848 1938
7972 9499
2063 3045
5136 9659
699 4967
4751 2513
7688 1650
5506 5168
6829 3585
3156 8450
8616 3647
8517 2562
9576 1552
4935 7450
290 369
9921 3809
9303 3508
620 5679
5091 5650
7832 554
3289 6026
8239 7948
1360 7506
9558 2364
7885 9921
8277 1579
8678 1063
4689 6219
6906 3799
4888 1522
9386 2736
4433 7257
6284 8869
3355 6721
6357 5662
7201 759
4966 4990
3800 7735
7021 6377
442 5400
2060 7981
1149 5600
3639 2746
8733 7736
235 8173
1336 1951
9826 3142
8111 7945
5368 216
3770 386
3322 6879
6658 6826
2446 4131
45 9086
5021 5888
1341 4031
7711 7617
8898 4678
4239 7649
1098 7568
7060 9603
7421 7356
239 9368
6167 4535
692 5057
8525 7248
6 3409
3681 3116
4008 1036
4647 2029
2271 3976
9499 5823
4758 3993
7713 5795
7779 5037
6291 3986
6443 8331
5349 9172
5818 9506
7877 3498
7957 6211
3339 692
6993 9674
9812 1806
9492 8601
4342 9404
2244 8891
6220 6153
4683 7584
2847 8742
8124 4487
2884 3070
9005 9911
6385 1644
8320 1962
6577 9119
4427 1811
2995 6919
1429 408
652 2883
304 5037
4928 6862
4978 9193
6875 8213
529 4178
8612 6125
5701 5890
3512 8715
6932 5210
861 1830
6061 5454
9668 3494
8926 5301
1338 4938
7021 656
5868 4148
9408 3868
1266 2868
7072 3758
893 3006
6904 4878
8385 3361
7502 9448
4872 2627
3971 407
8167 9600
3923 9014
8613 6534
1844 5440
1277 6574
4042 5778
9187 1212
1334 3929
7280 8699
1687 1774
1769 9349
9977 6097
4606 8681
7077 5677
7723 4325
5433 6993
6759 7638
3347 1985
8935 5961
5131 6295
4780 6463
9325 1446
8400 7502
2174 9367
5954 8443
8547 2739
7059 3868
7481 9561
8775 3126
4541 5404
6887 1142
8189 1774
4154 1439
2340 4022
222 7309
2300 7251
2881 2053
6265 3642
5359 4255
9580 9643
9339 9003
3940 6465
8382 1007
8709 2307
1457 552
6572 9769
1247 8219
675 6864
6930 9312
5470 5093
6125 3925
8426 3002
5676 3606
4821 8664
5982 522
2770 9531
8543 93
713 3077
1418 3017
4519 6689
2278 7626
6409 225
3751 8516
2888 9695
731 2376
3866 5480
4355 6970
149 3555
2321 4196
1514 3120
245 3165
2522 9115
3742 4240
8280 3012
5911 9964
7329 368
9928 3828
3854 8537
1408 2800
6389 3006
261 4566
5221 5776
6688 5416
5668 4229
1037 9709
9428 3933
2189 6861
1178 3793
4170 6784
2613 7019
5668 9729
1123 6321
2156 1451
5273 6783
5290 9653
4300 4854
9287 2626
3791 6886
8961 6046
4747 5658
9107 8843
8209 8334
9917 4095
2641 4276
8126 5875
6250 6161
8557 8000
1444 2837
5779 5600
3593 7352
531 5469
1306 8604
639 6115
394 28
1074 3459
8712 3786
2876 3110
4065 3872
5595 5169
2377 6588
2970 2479
8290 1812
6510 8281
5399 3516
6671 4191
8303 2948
6328 4454
3655 2935
6207 7403
2411 6734
6989 63
450 9870
7751 6834
9767 8405
5451 8196
7415 2062
5127 373
4394 5659
5519 1890
1658 7273
9772 7956
5455 6586
5940 8628
9156 1840
6948 1675
3783 8847
4732 6082
4412 481
8204 7150
4649 104
9774 9100
6348 7348
82 6145
6785 9701
5641 7952
452 8333
9084 436
7665 1592
6688 7822
7183 4622
2879 6924
5017 8522
6389 9549
6612 7500
7766 4007
4606 7453
2919 1620
9328 4405
2383 9198
4253 6251
995 3411
3577 6235
7670 7986
4109 1608
9958 9681
8670 5898
3079 3959
3180 8227
8110 6313
4626 8122
9033 168
2097 9249
3301 7306
8071 507
5641 1746
2144 7933
9762 3019
4389 5830
7657 9775
528 586
1196 9660
6115 5598
5689 6401
1902 745
109 32
7591 4856
3662 1205
6144 4600
3397 5521
5857 8240
2530 8816
2371 7684
4185 9342
7807 7281
234 7781
9223 2791
9911 1029
3578 8962
7915 683
1377 9166
6659 2179
6207 5520
2374 5504
2329 2928
9748 3440
7528 5500
4785 8247
3408 8753
571 2758
313 6065
5652 6798
9059 2801
9675 4870
6681 6546
6023 6051
8360 6899
6098 2038
2740 3246
4952 4265
2798 3967
2959 6050
9485 5499
3204 691
292 4703
9289 1460
9952 2971
3225 4431
5464 5506
8122 75
2610 4216
5344 4562
6169 7660
826 6706
1013 6480
240 1499
6261 7763
7692 6153
9697 6759
7649 9612
4621 9408
4769 1448
6331 4098
1330 1096
428 6108
6949 3353
112 3151
269 1087
4684 5480
7306 1094
6415 8980
6146 4028
7988 4675
2678 4360
7692 3116
7043 1287
4557 7055
5505 6541
620 862
7406 25
2502 123
1916 9221
9497 9842
4253 3310
348 4704
6062 7923
5897 9814
9642 1491
9813 5375
706 9098
4561 3718
9372 4806
4825 2143
4053 8366
5549 9987
7953 7258
6801 3378
2844 12
2638 6095
9813 1726
6166 9986
1682 7729
7972 3365
6758 6334
131 846
8629 6603
2958 3026
1684 2071
6711 9486
7033 6363
5414 3513
8537 1652
5003 2013
3617 5870
2970 9025
8529 9643
1707 6294
2816 8858
2716 9329
2591 3820
3901 2384
7363 927
7099 812
89 7795
8064 4206
5124 7788
6071 8790
3784 4874
5347 2482
2182 4751
5490 1063
1043 3181
3100 8910
2176 7469
1767 2711
1298 2023
2644 1599
1887 3932
2763 2161
9762 9506
3295 1741
3071 7705
4940 8483
7382 1404
2635 1548
548 2424
6759 9948
7058 1274
3038 3427
6537 7536
8325 3833
6100 1828
4444 412
1240 5293
7292 7472
4937 7543
3379 7841
9680 8993
1004 567
2083 8534
8233 6291
4788 2470
4899 8737
5344 5668
778 5751
6736 842
7154 8326
9279 6934
3947 1056
8525 2499
9589 2455
8914 5058
5853 8568
7820 2342
4805 8331
9701 6369
67 4099
5036 6285
9594 5795
3728 920
2136 2099
7674 6986
4580 7135
2180 3853
2360 6080
909 848
120 8133
4053 8015
4816 296
4421 6257
8452 375
1113 7827
2627 2677
5487 3073
2093 4802
9103 4401
9493 9003
8312 3376
8490 6518
5211 1908
7456 8340
9618 3455
914 842
1778 5191
928 9712
478 7053
5613 614
6256 8638
6966 37
4402 9855
5206 4750
7424 6295
1792 3306
1676 5235
8335 8045
7843 3235
3567 1008
9944 1245
5564 2229
2574 8175
1415 3815
1046 8858
1521 8274
4134 7344
699 4510
4103 1462
3305 9942
3707 9596
4539 2164
4853 5597
5129 8597
8608 2783
1590 7569
1240 2955
9221 9255
5990 1370
63 9919
5244 3614
2970 7892
2809 5300
8002 4733
973 537
2325 9995
2033 113
9800 3044
8993 5310
1448 369
5101 8314
8982 1819
6921 5135
8603 4193
636 1990
7221 5646
6254 1074
8317 9321
9409 6673
9615 9661
5459 7538
9764 9839
5543 6466
6207 3728
9308 3033
1428 870
3979 401
9766 7866
4465 2149
1989 4628
4187 60
9801 8935
1319 8804
7481 7723
122 8445
2840 8559
2071 734
4683 9715
6442 90
8953 2309
5074 5239
771 2919
965 2430
4525 133
5413 6171
9220 3459
3377 8422
1276 8034
1744 2181
1944 3576
200 407
1543 1003
9380 6205
7702 5178
5998 5228
9793 7192
9627 6211
6741 4647
839 600
404 3352
5368 7190
1699 8895
4005 2727
1684 1507
2900 4398
4752 2666
3956 5163
6150 6884
22 7847
1008 7093
4539 8940
7044 7096
368 8048
8163 9500
7446 3923
1112 2571
3994 3006
2394 4460
932 1438
7624 8226
4216 6458
510 6096
4768 8133
3652 6405
691 7365
8348 1641
1458 1095
5587 1053
8758 659
5425 6236
3696 4222
6920 3148
5022 9232
5832 8989
8082 5834
2257 7380
9187 7175
5388 280
5074 7545
7600 80
2149 4279
5032 313
5209 4378
6865 8404
324 1766
477 8923
1558 6133
4661 754
6240 9292
8105 6630
8439 3
5307 8467
5369 3180
7118 6942
6375 4442
8109 8739
9216 5920
7933 9913
3310 4283
8884 8806
4651 6904
6833 6945
2065 7105
7732 1374
9502 4425
6868 6843
4053 846
3061 1300
4380 8913
4995 3122
9236 2679
1857 3519
776 7432
5485 2558
2340 9119
6211 2226
5391 9420
9570 4996
5312 7399
6092 1304
723 3681
1335 4402
6034 8080
8368 6004
1901 6627
9875 1171
3283 8924
2082 5875
9777 1772
7687 5677
7941 7
9976 8947
256 473
5324 3083
456 89
6260 7153
9881 3922
2286 9392
4556 4230
639 3014
7677 6388
4178 8752
7205 2656
8589 7572
3229 9709
6099 2012
4817 878
7873 9560
1019 9036
2296 6527
5718 1061
1320 5841
1018 9825
2063 7211
8854 4635
5850 3082
5514 6074
1885 8841
8753 6168
7740 687
2201 9824
3841 9617
6737 8480
4156 4972
3520 1894
250 5959
8381 9014
919 4604
2236 3876
4569 8569
7227 7448
6536 7269
3279 1377
8542 9728
4742 4565
2464 7609
1830 8512
5602 1859
6529 2370
9644 6402
7657 3643
512 7325
4790 5459
1266 987
5700 6377
5270 9489
7036 3633
1796 6948
2904 5800
1255 5012
1047 5764
2250 1042
1312 9978
7626 7416
6085 4919
1717 5379
7394 6694
5969 1882
352 4721
5130 2850
7638 5439
1196 1307
4704 6966
7292 3808
383 659
8694 3609
2609 496
3151 4002
3905 6243
7725 282
6360 1310
4318 3747
755 1268
1072 6199
9538 3934
1846 8363
8342 6988
936 670
5716 4038
5249 9849
5772 5082
1090 9742
3427 2303
7781 9815
6932 7137
5272 9758
7372 9538
7952 3662
9827 5400
1835 2159
5880 3048
7309 6010
2164 4763
4647 9540
4621 4250
4453 7380
3190 6010
239 2953
6567 7540
5317 2121
1777 305
1200 464
8199 412
9688 7592
760 4937
5833 6957
1974 4824
3978 4589
7519 313
4043 5188
5031 9816
253 9029
817 8196
9495 8090
4155 5374
1500 4874
3887 1203
8009 2327
6985 7552
3154 8317
3767 3540
2204 3100
9478 4837
874 3208
6886 3001
2403 202
9618 5763
4560 7730
898 4207
3781 5319
7379 7786
8630 2339
2771 3100
9757 590
932 7392
8546 8932
3123 2679
1649 8408
9111 1471
3581 1287
6805 2
4570 2477
119 9931
5849 6735
9738 4422
9577 114
6492 9567
5574 9092
2001 7077
2067 5806
6310 9176
2617 2842
7165 1640
6431 6013
656 5925
4244 8562
7879 6305
6946 5226
7330 2971
9156 9604
7706 7029
4927 3265
806 8323
7759 25
9211 2030
2125 3842
8446 4963
8685 3765
8293 7521
376 4361
2959 2212
1572 5078
4774 4709
7498 6970
1114 8348
6081 213
9235 8034
9439 873
8699 4471
7173 340
6098 4663
8678 5878
1734 9624
6632 5732
2970 5229
8872 7207
3928 7155
836 1195
6218 5827
5754 1546
394 2338
4785 2748
2815 1253
4282 4351
7610 1242
2370 5551
8422 9497
2036 8406
9627 841
2899 3086
1719 7489
8870 3623
531 389
3870 7584
5001 8085
2807 8100
3155 4032
9993 1709
1005 8312
2188 425
4040 4677
8465 1488
6002 8863
4072 3228
4643 9111
493 482
9129 4834
8883 7990
8803 4364
9069 5228
7976 7720
1309 1095
6446 5330
2990 1909
423 8655
7451 1134
3553 3633
7133 4289
2726 2905
8220 7463
8362 7742
8981 2890
3850 5612
8986 4
3838 4341
1392 5424
6059 8783
5478 302
6378 948
1626 8471
1750 9533
5929 3829
775 9775
6616 407
6538 9579
9479 3539
1425 2853
4493 5590
8594 5982
818 4671
9795 8394
2360 9781
4228 3136
1092 807
8124 8411
313 6832
9730 6013
5041 1174
9396 7584
1715 6608
9449 4655
4408 9198
3538 3378
9723 4175
136 9917
7580 2312
9892 7409
57 221
1524 455
5491 3009
5920 8060
24 2742
3168 973
3768 1144
2166 4354
3795 9970
7530 1714
1129 7494
3467 1063
3925 4551
9313 9200
4034 8559
6414 5084
9128 8977
1048 8227
7581 2616
3064 3046
8297 2263
4934 5105
2656 7028
900 188
784 7881
915 2150
9329 6794
9041 467
2919 2936
1025 3430
6507 4356
705 7931
781 8595
9968 1753
7827 654
1918 9334
9230 1770
1958 6911
3810 7428
6475 8004
7171 8046
3801 5170
254 777
7154 8958
9083 5861
4235 16
2886 5961
3173 5273
2789 1935
9511 4146
8259 3456
3903 5700
3486 7949
5235 2707
901 6256
8829 3532
4008 8479
4448 7792
6715 8436
3759 6721
1360 169
1967 4180
2622 4945
3288 9248
9484 2167
4967 6331
2467 2670
9507 3734
8287 7800
9819 6623
9161 2740
6963 5315
8910 7508
5177 4849
3083 4072
3874 6752
5257 3017
1309 8957
6728 8188
9583 4802
1763 2777
5690 7045
5605 5259
8277 7838
7421 8636
4831 598
5383 1417
8943 4707
6055 3772
2372 8983
5295 7305
1578 4857
2841 1871
3411 5194
7781 7886
9654 9699
7084 7559
5094 2839
4390 3493
8826 5225
1238 8080
3451 4386
7926 2138
1893 5876
6182 6225
6481 653
848 3063
13 9658
2743 4514
3485 1551
9918 1546
156 4511
9468 624
659 8076
7100 4959
8824 5924
6648 4069
2923 5554
6707 67
2004 5803
6593 4131
2012 8126
8801 1587
1384 2589
155 9038
806 4499
8840 1989
6813 2625
9498 6392
3924 4932
3577 2555
5009 2772
7125 4854
4553 9479
3210 5681
4526 4279
1153 7069
7537 7485
9777 8432
6958 7894
6832 3848
8712 8324
1810 7346
4404 239
4320 9597
493 3393
5224 4491
3180 1423
2707 8996
3710 9353
478 4767
3774 3909
290 4929
5691 2623
5962 4464
7065 2632
1093 7665
4602 5123
7653 1062
6777 6365
7643 5286
31 1260
5009 4290
8196 341
9993 5369
9824 6178
3119 8428
3124 112
993 7912
3170 5248
1103 5863
1096 6673
7818 9517
9939 4804
6759 1895
6839 2827
9739 8818
6267 4146
7459 787
3981 801
2143 3161
6390 8772
7302 3075
5015 1116
6814 6535
734 4877
510 4121
7507 2700
8450 8749
248 5092
1077 3914
6559 4260
7439 5864
6990 5476
8666 8131
3521 6894
8883 1871
963 3762
759 437
948 7965
7868 1624
3205 8843
1056 6041
3814 6210
994 5015
5116 1519
4121 6502
6971 8113
4141 2407
4054 6489
6283 5781
8865 5522
6498 1312
5163 5589
2784 7550
1488 4513
833 4321
9466 2289
1175 3740
6596 5509
18 8285
8193 7434
967 4353
8170 4648
9803 4744
3374 6233
9528 8512
1122 6399
7838 1606
4670 6506
4235 6766
6260 7428
8948 6077
2464 8173
865 4648
1497 1719
6653 8839
7191 3996
8252 7475
9314 6938
946 9485
4928 1573
9179 6407
467 2051
2315 3193
9228 6580
7530 5749
3955 6190
2015 8658
9209 7262
1687 1506
3221 8773
8590 7271
3885 177
4178 1188
8622 870
654 3551
2757 7183
7577 4866
6136 7818
5903 6821
2644 3689
6652 7475
2322 3092
6399 4141
773 8140
6762 2368
5534 3417
87 4485
4114 2761
8507 6124
3378 5142
8571 4174
4964 5552
8626 4599
6426 1853
1138 3552
2785 3524
7145 232
8177 3237
5027 4917
2290 7199
776 602
1266 5208
1960 1702
7776 6347
2566 8228
9926 1266
908 8903
3714 6979
7792 1628
8699 5118
7119 4760
1583 9588
6116 7622
7396 4545
7389 3688
2956 8647
9976 4886
2310 6517
1590 449
8834 3344
9241 8757
3675 3565
434 5595
5236 9577
2104 7289
9377 1392
9508 2134
5032 3198
2234 8558
4917 7744
9538 3469
6030 4502
2173 9211
9620 2528
2919 2573
5313 3973
2985 4281
9094 9175
6484 2422
9820 9271
154 8231
3948 7263
529 7671
3188 3480
5732 7265
4743 6378
4088 7588
8836 4596
6739 2883
3212 1235
6454 228
9300 6270
9811 6682
9717 8046
4953 7868
1818 9801
2095 6413
6958 2133
8969 3685
169 7378
8404 3284
9937 6801
216 9685
2757 6573
4610 518
2168 3447
9262 5882
6945 6081
7293 3155
8139 2938
8300 730
9647 2714
9644 9108
2019 8218
178 2800
4157 9643
3606 1464
2625 8180
3663 3713
3239 5889
8281 2045
4628 2785
4973 2316
8461 7067
4571 6208
6016 9425
5546 116
5785 7376
6079 8902
1804 542
6065 7952
7395 2843
6259 1969
3997 2497
6729 3937
9792 5814
1815 2706
7798 5682
3780 2624
8123 699
2344 3660
4070 5894
2274 5447
6771 960
6241 3693
8050 6947
5106 2392
6190 7354
2844 276
4304 4542
8281 4934
5988 7429
832 3054
7944 1383
2439 211
4268 6262
2876 8644
2084 3543
631 6458
3210 8454
6535 6691
1554 8084
2338 9681
909 1369
1406 7173
2860 1922
3745 1595
9461 9628
2519 8958
396 1946
4268 8796
9295 854
9993 9604
8901 6383
9325 3194
9766 2659
4927 6419
2177 7416
9358 3694
5985 890
1550 8761
8041 5054
5110 9122
1907 9118
5623 1595
9545 2242
9146 2409
9668 9384
9083 298
2431 1238
3626 6016
5168 4188
946 6713
8842 1222
4330 8618
9911 9734
4448 6453
7287 7167
931 3031
9087 418
454 7458
8848 9954
3517 5393
5911 4574
7097 9795
9643 7745
5369 5593
2206 1466
5682 6720
9536 8590
1977 8952
5243 9528
2831 6976
7099 4304
6320 9148
822 5858
8884 8350
821 5579
387 2405
2611 6959
2547 2479
6571 8351
2949 2911
7733 731
1790 902
1307 1422
3585 9508
8599 9715
993 2369
3041 5320
2956 3615
995 5584
4349 1389
7043 2422
9322 8412
8419 4886
5510 8043
8308 8319
1325 9265
2665 6033
3486 9031
266 4433
7005 5411
662 7547
4791 9981
9738 1883
9077 2884
7555 7552
1846 9004
8156 6606
6453 8695
6047 4514
7624 1495
9014 5722
2017 6265
1980 9234
6549 6192
1585 5149
6647 2098
6173 8090
1645 2478
882 8472
9487 3719
2510 7531
7935 8936
3865 7064
4474 8848
2269 9816
2089 3155
1907 1446
3111 5831
4718 11
8320 2784
9501 3909
3485 5318
3941 4223
537 7834
9222 2381
5550 3200
1931 9102
739 4240
2938 5541
2640 4777
7924 2577
3668 8655
9272 9190
9250 197
3982 5850
7703 4516
7312 3867
5057 1134
6833 6636
2010 9339
6572 3714
5193 8714
5954 3660
9943 3281
3203 6595
6767 2698
7911 2394
8688 8941
2453 5466
1644 1911
6938 2053
5164 2412
7379 985
5461 5920
1780 3834
8172 5594
3810 5387
2906 7967
8775 411
6794 9741
1553 7597
9238 9144
1192 6676
5035 268
1857 9596
8064 3830
4813 1731
2732 2808
1126 4041
5359 6362
9776 2131
2693 512
874 3133
9741 8971
8653 6373
4102 2609
3942 8730
8995 958
792 645
2162 4208
6956 3718
2844 9127
2900 5811
3999 7350
9038 4625
1975 9462
5878 5656
805 3319
6766 5493
3314 56
7911 6380
6240 6191
5388 2989
1542 5296
3800 7337
1081 7642
6282 2779
6878 1285
549 3030
4118 3001
663 7137
9096 2529
9203 6351
9301 8554
9549 3821
7800 9861
2931 3074
9144 103
9970 6183
8949 9625
1364 7598
4368 2766
7429 4541
7627 4101
1178 9938
9805 2031
4612 8793
7071 3189
2934 3968
6539 6068
6350 2286
3941 7339
4162 6912
310 9274
830 6933
9845 1726
8697 88
6162 7086
7056 9578
9110 1682
2263 898
9339 2028
8559 9619
2811 9380
4313 6073
2437 1025
3358 7867
9038 1755
6112 6163
8798 3947
173 6670
9422 9693
5074 1279
2162 3422
883 1277
1912 8452
5346 8086
2563 5889
9240 2455
9791 9350
4647 8046
8479 3900
5825 358
6956 2687
7354 6909
5232 9674
9266 9642
9438 1931
3832 5456
9632 9908
3693 5835
3178 9143
6029 1489
878 1825
2452 2952
8046 1661
9305 3077
7709 482
8064 2362
8122 24
521 3044
1796 7323
8438 2906
8209 7159
2372 4716
7397 9987
9331 2265
6616 8803
3979 8908
7253 3358
3057 9575
4178 5188
7717 2169
4733 1872
3452 9297
9526 3970
2309 6275
2238 3074
7082 6332
616 4407
2155 8969
5847 2417
704 2389
2499 2789
2922 5954
6214 9324
4978 3601
1346 9118
3378 4138
5720 4484
4428 9394
4720 5040
3480 6120
1868 8417
3652 2604
8101 3019
8707 5936
6931 1268
9783 844
7659 6774
650 6055
3855 3870
1201 9118
9275 2951
3843 5613
8404 44
2493 3695
3819 4061
8854 9910
7558 157
5665 7218
8671 2651
1615 1153
4162 5922
7600 5079
5492 6740
9016 447
7829 6458
3774 3030
4252 6498
732 1034
2078 5591
8212 6054
3501 2172
7315 2791
7743 410
9701 8481
6892 3270
4529 7967
2618 1073
4252 5355
5957 8986
3935 8180
7351 1860
3808 5049
9126 9885
9724 2655
7598 3475
1210 3140
7004 829
1811 7718
2422 6607
1402 7514
3896 5158
5161 7538
8934 6731
8894 4745
5574 119
5384 6119
3201 161
1477 7704
3307 3547
565 542
7386 1360
177 4432
4132 1794
9350 5461
3154 1488
5472 8250
7375 8907
5287 8836
1313 8213
9748 9136
7428 7061
7406 8936
7720 6760
6016 6334
2772 8235
7059 2574
5422 2222
2864 2222
1249 7146
1005 4601
3061 3108
5679 7435
1584 5424
743 8648
9518 6152
4097 7227
1164 7045
8102 9122
4812 2367
5723 9089
56 5011
7077 4441
7251 4350
6085 1617
1281 9275
1909 1532
6829 4833
4852 4628
7342 5927
1429 1571
4873 6494
8285 530
2991 7619
9639 6975
9943 3006
7959 6935
4258 5248
2548 9646
9980 1345
5717 532
3720 883
1260 460
706 5343
4883 2197
2029 1946
1309 13
268 495
7721 3366
5680 6641
8244 609
142 11
9149 3649
1040 635
9467 9506
2279 2120
6699 9699
4617 4986
2316 3406
2501 8630
6727 5328
9587 5325
8406 4198
153 4726
6874 2874
8564 2282
4207 5949
4001 29
4777 5820
2626 3170
7889 3149
4378 901
3032 2659
6587 4912
2400 199
1586 3996
401 2014
522 8220
4808 2159
541 1068
9277 9001
7539 3027
1883 6733
1672 5023
9392 2849
7802 5167
1934 7516
8074 7228
7779 5768
8807 4300
2896 8486
8898 6061
4984 3065
1902 3098
6666 9744
9007 6717
7526 4509
5064 7671
9686 4510
4873 2265
6605 6951
1919 9247
9782 7360
6721 5951
3068 8194
7017 7103
9251 3721
6933 4751
8620 2101
7358 2741
4191 614
4691 4179
3277 4971
159 5324
94 8645
6883 4340
9088 3154
6886 8351
3678 5247
5241 7233
88 1915
3519 7586
973 9173
9751 5310
8511 5554
7081 242
1658 6239
8293 1276
7252 8774
8410 5407
9648 6311
2541 9146
8579 9296
1179 5726
9927 1556
116 6551
9089 1725
7179 327
1634 5926
2976 8291
925 2672
7828 9007
7406 5904
2076 1138
9234 7117
1960 7654
8951 2498
8253 9894
5875 6028
9835 4934
8897 4477
9388 4694
9386 5228
3422 216
8870 2872
3792 9561
1193 5511
2917 2753
3833 6708
9865 2211
8066 4011
9519 2111
2669 5
1985 5106
837 6817
4451 9851
5021 15
2666 7762
9356 2843
4239 2456
4377 6717
947 300
3705 8943
2227 5512
7402 3559
7049 8252
1658 6279
6357 9137
9529 9444
3266 8619
2388 7937
3191 4663
6792 1984
1118 7169
6437 7798
8182 2561
3913 1983
4751 6998
1917 650
2202 1626
8638 9179
578 8331
6978 3557
4309 9404
2322 9242
3186 9579
8515 8480
777 3870
6765 2014
7478 9641
7131 6137
367 6360
7301 998
7076 1460
8346 1128
5846 5753
2128 4103
8966 6831
61 8295
1770 3895
7901 5636
4399 2448
6265 346
8498 2283
1560 9545
6038 7216
7001 6715
2469 9993
8425 3908
1357 804
4571 3685
2729 2859
6523 6679
2288 3445
6001 5754
3699 3907
7181 2677
1123 6998
1750 8249
4200 5027
1858 1831
2657 7247
675 1198
2729 9911
5232 8670
2592 7457
1234 4442
8980 8227
4535 3066
2183 3182
8955 4007
1616 1048
5141 2227
9135 8315
143 9718
2297 7540
2402 3937
4753 2395
1840 4067
5950 2881
9730 1052
7342 9162
8040 2332
7292 7447
2938 7236
1851 6361
2145 3941
3606 7241
822 3961
5777 6797
5680 5091
3763 5571
1999 8742
1309 638
3250 2615
3495 5980
7993 4635
3728 8973
3756 9101
6920 6428
2570 974
6056 8615
7853 9254
4314 4719
7325 5367
9953 8154
1658 7519
6134 5181
3517 6937
2869 5264
6717 6946
3293 6598
154 814
1435 5257
6212 9306
3683 1387
8332 3877
1122 888
7423 6458
4948 6028
1818 1746
2129 3409
439 2969
3508 2746
3887 7026
1539 4874
3118 9979
9832 2438
409 8796
1712 1693
2299 318
9961 8854
9184 3355
4939 9438
1265 4876
3281 4027
5527 6211
4335 8898
3446 215
6549 4952
4103 5324
990 3381
2392 7442
4166 1514
7019 5600
7368 7272
7973 2321
4696 5673
8153 4630
6957 5835
8847 6644
3644 1888
3743 9686
160 6268
1166 848
2480 8798
9222 5959
6453 12
3541 7878
3908 2155
2305 6055
2776 6299
8250 8309
3394 9000
2326 736
8188 6960
8703 6712
6935 3094
5819 909
4759 2481
3145 9269
5087 1598
8361 873
4722 9305
4628 2642
3237 3001
2651 2809
3871 8390
7210 4092
8122 6303
2852 2521
1210 5009
8427 2840
611 1442
5171 6431
4849 9808
7996 2693
4720 975
4702 9819
4155 1112
2779 5903
2891 3004
8504 6316
8151 8475
7995 8289
7512 5363
4944 8644
159 7489
4679 5603
8694 1041
9277 615
8708 5836
3392 1147
8291 4866
5488 363
4672 595
4185 4639
174 1430
4373 4845
4675 6795
2810 2334
6756 4273
7876 5579
738 7219
3177 8386
1767 6313
9678 5635
6177 3462
6067 7469
9272 1521
2027 7883
7753 8232
4097 8644
8949 7855
8830 4478
4065 8905
2922 472
7610 1439
4988 7608
208 2334
8704 7388
6977 1990
1975 1480
8661 897
1822 7313
7702 9502
9686 5571
6443 9809
6827 521
9645 2171
4510 9110
8508 5671
8659 9762
8391 5578
3677 6829
7396 6276
5107 1621
8031 3120
5836 5950
9125 1664
5516 9141
179 7683
7896 4429
5350 6430
5753 5690
9250 4579
8109 446
1751 3273
9415 74
3980 5723
5407 3153
2689 7803
5292 2908
5201 5061
4988 4658
2099 4598
1073 4232
9865 5251
152 3274
643 4506
3314 2379
1317 5596
386 8006
9104 3201
3645 4090
5819 1215
5702 4301
8039 985
1229 5885
5319 3484
7221 1028
3673 3848
1478 6674
6484 1707
4008 8733
53 5766
1011 1631
5962 6048
6163 9122
7439 2261
8864 7308
1914 1712
4150 5808
6958 5205
3952 8001
1784 4375
4388 6300
1502 8872
8781 3369
6322 6861
1085 5249
2875 7245
9409 7302
9860 7075
4325 8937
5191 2569
1653 8035
6832 7180
4401 1020
4523 5157
3555 9518
4551 4028
2406 9522
4802 4446
4092 4032
2229 839
7063 5074
9966 1297
8133 6058
6252 131
7818 408
2358 1554
7653 7391
1706 7902
4167 1099
7370 849
9197 3508
144 9053
1251 7558
4351 653
7584 1190
3616 4077
1686 8274
3746 5584
5872 7380
4941 6981
3651 4303
500 1959
1571 9309
4226 4469
5223 5016
3703 7601
9097 5860
1644 6372
4965 5084
2492 2893
8493 181
6458 7325
8760 2728
8197 3082
379 3560
2290 9702
2897 9206
2739 1836
7171 536
8648 7788
3407 9555
3282 6044
539 5270
8699 3217
1651 4587
3127 1875
5117 9158
3291 1645
6153 4127
8862 2081
8466 9703
1227 684
689 1508
3761 4553
7284 629
5791 9078
8618 9314
7435 2123
9867 3250
7516 7136
3474 6366
1723 3622
4818 9085
3213 8412
5798 5973
2849 6181
6012 3727
1242 2630
6224 5418
9814 8789
3803 1959
3034 9868
4819 6702
9048 7097
2489 4124
867 5988
6662 8536
5309 9470
4018 3739
1888 9312
3686 9584
8827 4296
7953 6361
8387 8555
2762 2954
8706 8536
7681 9709
4321 2003
34 1942
2574 7534
2876 5029
8085 7944
1505 7021
2476 6066
8204 9709
1539 6345
9875 4087
7028 651
8293 1148
5277 1787
7625 3948
9812 3098
8937 1875
157 7637
6352 3068
4025 5317
4559 5913
5066 1486
2358 5559
3378 5373
1923 6397
951 1823
8484 6423
9247 4786
94 4443
1089 5965
2196 6043
4065 7091
6648 9264
7609 9240
9921 5927
976 7641
135 9536
4269 5414
7634 5701
9732 4661
8787 6017
5476 8371
7693 1346
8840 1551
5484 5414
1563 5043
1922 4697
3963 445
8958 5498
309 9592
955 4180
2566 7014
1261 1474
4714 8834
9813 6808
4815 6517
1470 3597
7024 8925
9745 1421
727 1110
5651 6040
9001 3286
6314 3177
3567 8402
3071 7009
8449 1785
3729 9298
9496 1254
8657 112
1986 1168
5435 6058
3470 8838
1706 6976
4069 6735
948 7027
1391 8940
847 1114
2268 5271
8942 2567
8499 1516
5255 3043
8784 9227
6578 566
4029 3495
2106 6648
8230 2151
5102 8436
2101 4835
293 6805
1649 5363
1670 6356
8874 5828
386 8241
6790 5888
7440 1760
5944 5653
838 5658
4632 5635
1905 5080
9990 2181
453 5095
2154 1829
3481 6744
8672 3032
7095 6549
1361 8683
6342 5410
2785 7876
2643 7839
4559 340
3506 7461
4650 1992
4213 9725
5874 5040
6171 7752
2768 1070
1607 2276
9029 559
9299 1595
2714 7262
1032 2485
1368 884
3458 8005
4292 6498
5059 3137
4125 4142
2899 4192
4926 7026
8834 2927
8952 1786
9900 1303
9313 9230
2536 7827
691 9015
5347 1413
5318 6676
91 3701
6394 6463
5573 5770
6128 8418
4135 178
605 3122
5440 4282
8646 2559
7219 5759
6872 527
7681 6267
8138 1046
9274 4196
5532 8180
8478 2437
9137 5732
1322 2101
7726 233
9307 8145
2588 5677
5434 7816
5674 3421
5015 7877
9244 5706
947 1530
9202 6233
8162 992
9320 6211
6916 6646
8514 9350
9607 8716
8389 4203
833 2398
3212 7320
5340 2384
9527 5625
3584 7720
7573 1489
9569 2932
1718 8899
660 6360
2073 4183
4058 1637
4496 9732
9620 3249
1157 4133
3713 2114
8850 7176
3799 2119
7264 3158
8416 3554
4365 926
2272 4369
1104 4094
1111 5217
2627 9877
6063 9182
8176 9972
2142 2175
6868 1931
605 4892
1543 4452
9836 2306
7863 5048
4455 1604
857 3499
7342 4531
6085 9555
4251 5056
7632 8311
5715 8312
95 1695
5923 1742
6767 9505
3252 4390
1197 8438
2156 5275
4319 2541
1079 6779
4332 3530
6101 4004
1527 4404
4986 6008
5231 4802
1334 9886
5084 1532
3514 3613
3807 2721
8069 8598
3665 9001
2288 7880
3811 199
5616 907
694 945
4608 835
8724 3644
1096 5284
3372 2247
8279 6488
3909 5266
4398 1777
7950 1460
8704 326
5010 6633
9394 7121
1249 4989
8212 54
2596 3471
1394 1112
8439 2524
1650 7585
3066 1726
864 4220
7056 3716
8216 2286
5790 4863
3383 6457
7282 6108
9545 5470
6514 2422
5852 7493
8463 4314
4049 6134
7005 9824
8960 8028
1886 449
7496 7955
950 9425
5892 2403
9801 5811
9851 7532
6104 2818
7288 2470
694 3805
8360 3876
2692 4394
2460 2711
811 4131
6887 9155
8049 6141
6846 6602
1933 8204
1499 683
7530 3699
5726 4233
5395 5842
2303 4165
1648 3670
4179 1171
2365 3192
1531 8188
9478 2165
3298 8582
363 1908
7875 9964
8305 4615
2648 4596
6037 9585
7075 2319
9522 6823
8978 6925
4186 1435
8755 1940
776 7269
1182 6727
3033 3220
9506 8864
4371 663
1508 3727
5747 5427
2226 7221
1911 2755
3024 2584
8220 8701
1702 7226
5205 6382
3322 506
3087 528
6449 8422
3410 8779
4485 6118
1 3155
6794 4171
6430 132
9295 9579
2157 2779
9214 7397
4568 3380
3693 3952
9065 9974
6919 7579
4421 5273
5493 7816
5571 1368
6691 8989
1030 8677
9341 9137
7134 2574
1967 192
6278 6124
7925 384
1349 2372
2178 4779
3538 4622
9438 4898
5717 8137
8332 3366
8573 1708
1290 4506
1674 2518
4851 6834
6681 2750
62 8388
4859 1368
7660 820
6100 9507
7728 3200
1640 2924
8517 1462
7648 9927
4105 4434
1887 8237
5604 2387
627 9209
5573 9040
7997 2853
360 2958
4971 2101
27 9289
166 9739
568 7763
9643 6460
8097 7897
7910 3465
9693 7356
7285 8052
602 4384
7844 5633
2463 256
5112 6611
2266 2696
7701 1560
6710 6178
2068 3142
1673 71
6606 8202
1452 538
2219 8474
7485 7159
1603 3338
1232 185
4400 3066
898 9383
422 5996
6701 396
8120 8063
4354 9562
509 8138
1459 3123
5705 7600
6502 1775
4296 7585
5133 6479
698 2354
3411 6481
723 2199
2720 5481
2507 4352
6026 6881
3017 5310
171 4047
7305 3025
3886 6541
2709 2400
6224 8233
5176 2513
5078 8257
9911 9029
495 728
3517 216
2453 4171
9839 16
7808 6593
6681 6605
6082 7138
5587 9871
8787 259
1882 6270
1973 3347
7149 4469
6688 3762
1338 232
7028 6184
6692 3985
485 6242
672 9490
253 1350
82 7071
4208 4680
3561 9831
223 3229
4654 6288
2528 5893
2631 7883
8789 2507
3241 4783
2593 9776
6610 8421
1040 5036
4441 4219
2112 3791
3725 2917
1517 1950
9143 3957
3695 8714
1346 9352
6669 1040
3302 1483
5435 5626
1892 3263
3568 9360
6960 4091
7746 4152
4975 56
4866 7105
9523 1808
6449 1955
5796 8552
11 2719
1278 1579
2106 5481
9801 5798
2703 9269
1175 2690
5610 1946
3571 3120
4609 2059
842 3456
15 2582
1976 3425
5320 7497
4864 9144
8628 7130
1572 9761
8565 3213
7306 1155
9342 9576
250 5116
4671 9428
4482 7454
5219 5152
3132 3476
9274 1566
3985 4251
1333 8570
4721 2130
8278 4128
9956 8927
7849 3521
7301 5223
9071 5803
4606 4217
9364 3411
5583 8562
7980 5840
5995 3636
490 3357
7605 5667
3985 1660
2053 8165
7691 3431
1879 5084
8680 7730
849 4174
7368 3147
791 8931
2484 5673
7121 2606
198 7206
249 2705
7100 5641
5047 9405
1714 2487
5581 6342
4228 8930
7268 7196
9147 6294
3682 6514
527 1844
159 8212
4509 5840
1416 188
8820 818
5358 8481
3930 8996
262 9430
5564 8781
7535 3247
3243 6280
7213 7460
4553 2776
8417 3656
9819 4100
1924 5957
6882 2825
7063 4681
656 9245
111 3610
7160 2045
6383 4308
6712 4630
3198 5929
5967 8021
5915 3957
3493 6286
4219 6295
8568 5415
850 170
7888 1601
9963 8265
9872 9841
7300 7534
1254 8817
9373 9128
5645 2977
3826 2868
8755 7766
8195 4711
9967 8934
9210 644
4943 1867
9877 5432
8949 1873
6478 9674
5598 1365
2717 3601
687 4872
3174 1036
5815 7826
3262 1983
1480 45
7882 7255
4334 9877
5953 3596
8284 9906
3004 2730
4132 199
9029 2768
7430 9988
3776 5420
9256 3769
6670 7442
9578 2711
3548 9765
7909 7353
7401 2729
932 2496
5305 874
1786 246
8736 5716
701 2137
9441 9949
1664 6269
8077 1515
4810 414
7779 967
9228 7004
9864 576
5857 961
3850 8610
5170 6292
8975 7233
9330 2387
9414 7444
3512 5973
369 9514
6063 9637
7230 2347
2204 2879
4988 196
950 6613
87 192
9948 7074
1908 9104
7903 42
6070 2775
9296 1350
6732 6674
1068 4590
87 995
5974 1966
6240 8750
2278 9231
1644 282
4480 640
9292 2645
4773 4864
8862 7280
9909 7795
3971 4440
3154 3182
8760 7774
6045 7046
981 7543
9598 6786
3769 5871
9697 947
3301 2493
6316 553
4513 4427
1283 7978
2080 8011
4266 4255
8828 6732
1666 794
8783 3310
8112 6425
7034 9436
5240 5711
3595 1646
7439 9473
3465 6727
9268 3450
65 5124
4209 6054
4236 5765
9466 1131
6005 754
6475 6689
1271 3360
1838 5514
641 7752
8340 8625
2570 3899
764 7490
8010 6098
6170 5957
8743 8532
3337 7824
6606 6339
1054 995
5771 5593
9944 4150
5283 647
7513 6879
4040 2287
1106 9207
5401 5117
8465 1449
3608 7618
566 338
9222 3328
6433 2360
5732 6566
4617 228
4563 1146
1007 3448
638 5519
7696 8896
5694 2776
2552 2353
1547 8952
4216 6940
481 8069
2176 9379
4950 7357
6653 26
3792 1080
7933 7614
7126 6423
9881 4634
7138 9863
7288 4301
6921 7465
1761 5045
4579 7538
5829 3450
4767 9103
9971 1590
4865 4585
2225 9705
7961 193
5097 134
9842 2406
9437 3466
2181 4008
9969 2826
9093 8124
2182 7252
9266 3664
5243 86
841 644
642 3321
1236 8802
1241 3849
9097 7952
424 2533
567 3518
6034 2057
7058 5673
8773 4473
6713 5540
9779 4402
6753 6873
7032 8813
8881 6664
5308 9318
4947 3118
9351 7931
5052 4425
4957 2220
5283 6772
7652 781
7259 5033
3659 5001
6686 4561
2836 8006
3104 7550
8275 6772
8008 2368
2247 8306
3538 9322
3183 5853
8926 1293
3380 6058
6879 2657
2113 3019
7094 4959
3846 179
9089 2753
6232 5985
1538 8061
7578 4248
297 6880
8480 5157
2307 6177
7296 7869
7569 4812
4159 619
6369 6819
3215 9289
3938 499
7764 374
9760 1738
8008 9269
3671 5006
6074 9841
5985 478
8017 6195
3796 687
7483 2593
664 5185
712 2450
1872 6615
7589 2351
2429 6656
8404 2028
19 5263
1031 6227
77 1647
8203 9406
5184 434
9571 9213
5963 1428
8234 9654
5669 6439
6433 9926
5654 1585
92 9810
3904 8529
6889 7601
3824 3076
7558 1489
5468 4572
5093 330
6401 4539
1556 4758
4366 7987
7168 4556
8969 5840
1369 3248
4548 1916
543 5816
1417 2884
2091 523
7687 4662
9536 731
8831 3666
8350 7698
7199 6365
7194 250
8652 5576
4257 2304
8520 6931
3375 4142
4064 3956
9627 8407
5624 5212
9087 6736
3652 1903
2432 7975
3803 9437
7072 3917
7293 1323
7516 3494
8685 8891
8641 1365
8311 5235
1558 1837
1510 6844
6765 4050
1869 1331
4276 9378
654 4732
5404 6969
9622 6774
5895 8365
9399 7586
5098 7146
613 4257
855 4530
9963 710
4802 6867
8424 9305
7771 5962
3765 7616
9970 8175
4570 8831
5644 3220
7954 9195
6892 8614
8154 942
6327 705
8184 4156
3281 8219
1757 5992
3227 9270
7631 699
5108 7757
3596 8885
6273 96
2273 9449
9688 8223
5915 2635
3126 9803
2407 7632
5015 1579
9635 3164
6635 6817
428 4506
5349 2748
5255 5363
8555 8991
4852 8045
3053 2853
9998 391
9504 2470
586 2859
6678 3714
1213 4235
5173 1809
5453 9385
5297 3588
6016 7510
8790 1338
2966 4308
9092 4159
7197 6518
9827 7782
1351 2246
6194 8783
5362 5547
8965 4126
8821 8674
5762 1980
7337 434
9305 4735
5099 4112
7325 174
810 3362
3823 1717
9191 9546
6363 3689
5237 8917
9089 2545
3412 3114
6148 9987
8982 1394
5221 8919
3653 8033
5824 8163
2722 3351
2100 6889
5912 1778
4750 4685
9094 5415
1831 8216
9065 6515
3079 390
8591 7333
7452 2994
3885 775
8597 8720
1714 280
7896 3516
8323 2389
9812 5221
7366 414
9200 9390
9024 2667
5284 8281
7505 3676
1971 3907
9107 1824
9215 1122
8039 1852
5091 1657
2183 5665
3284 5046
5978 9871
5680 7398
2632 3508
4733 3923
2828 4364
5311 6174
2126 7370
701 9933
4243 3466
2464 4677
2400 2396
8814 563
5922 7872
1240 3872
4279 8533
4017 6845
5757 3143
6326 2857
2947 3466
1661 2849
2232 3256
4199 3984
9475 6795
6841 6426
9073 5416
591 9225
8592 5463
9979 1200
6143 6103
4199 7791
2709 442
8662 9808
6594 8383
6646 4997
2193 4654
5729 8396
262 457
8693 2379
1887 2157
3601 2358
3320 5471
2698 9062
3890 8573
4874 3332
4170 2569
1328 4379
6574 2767
9152 7436
5597 9193
2518 1737
9860 9775
6133 4767
3167 4646
687 3729
6744 4990
4944 138
9871 4890
4194 8512
1065 9584
9728 5073
7029 8603
9050 7414
1534 7193
1481 1048
1435 4487
8880 3805
2002 1844
6135 3984
8755 9814
1134 3219
7988 7136
8896 9989
3178 240
9547 4711
9451 6668
4832 2349
3314 856
2851 3483
9813 5722
5704 9771
4339 8490
9733 4746
1232 4188
3054 5878
6399 5265
51 8843
6125 750
7544 9944
9254 3406
2291 7607
4945 8308
4538 8896
3177 1286
7280 1988
199 664
5939 546
6105 741
8142 914
6728 448
8276 8091
7035 5618
6519 1409
8223 8301
7038 5852
5674 1581
5022 9963
3 3301
7262 6265
8335 7167
5947 5145
8041 4644
369 8126
90 6092
6233 1476
4229 4576
7247 6082
3161 799
8679 4538
7911 2570
7590 1371
1577 7273
9396 7351
3648 755
5482 3819
2068 1085
1525 7980
5249 600
1236 5078
1211 4705
5196 8412
6038 838
9476 3118
8835 6052
3736 4664
5383 6650
3474 7975
7664 8301
6135 8158
1463 93
5739 8734
9215 937
5752 8333
298 1780
4848 1779
5953 2057
5281 6514
1020 3810
8536 283
9682 1931
7956 1031
7394 3946
3030 4947
6196 7799
5019 3582
5593 1048
8635 5997
6182 9933
9424 6854
8226 1748
1572 6421
2359 8937
5802 3389
4602 8384
2060 6469
2885 4301
6671 5698
7262 8178
8655 9385
1002 4211
4896 7636
4748 3666
8836 8407
933 6598
2403 7010
630 4376
5840 5008
35 1445
5136 9452
8773 9761
1745 8383
7192 4343
4270 3536
4867 3375
6814 6198
7467 1294
3673 7142
4199 8306
5071 6579
2999 4765
3612 5076
5672 3853
6145 1354
152 995
722 7935
2085 3457
3351 544
2914 8548
4210 2227
6653 3881
8030 8110
2544 8118
8319 1737
5778 5640
129 8938
3470 3584
1037 141
8077 4678
5044 7089
5442 4314
9062 4879
9655 5300
6700 5284
1923 8721
9007 2268
5624 4353
6891 5653
4745 9066
4868 3870
7882 6652
864 1721
5001 7514
1727 4109
9132 1662
9154 1653
198 3439
5719 9140
3158 1429
5675 2747
7654 1977
242 6966
1349 9757
2047 7176
4145 3831
8414 8801
5469 2637
8191 8978
1807 6329
1791 1692
6684 9931
9159 2300
278 5722
5319 2385
835 8298
8223 889
5105 746
8555 2442
9958 5375
6210 8838
2385 7423
3116 4604
61 5205
7088 2572
9667 5113
6404 418
5147 4921
9800 4095
3101 3826
1553 9094
7487 2671
6354 5480
835 2771
3651 7628
4143 6800
6156 4612
2662 159
2194 2167
9740 6278
6595 2179
5923 4266
9801 627
5494 2382
9884 9918
7649 5729
7171 6560
4480 1626
6139 101
2967 1104
4298 4272
3161 9937
2721 6281
9742 7674
7930 5187
9154 8088
9817 5287
9478 9497
5280 5470
5262 8376
2280 459
4467 4717
3987 4887
9741 2554
7714 6145
1187 4113
8326 6930
2828 1006
806 3444
9950 911
1670 176
9509 3183
3918 7195
799 1829
5203 911
8549 9278
3920 4221
5662 9392
2877 6994
7760 3156
5273 2820
6742 5477
2625 2973
5526 6537
9373 3510
1173 6128
3822 6457
8578 4422
126 1017
1915 7598
994 5727
6018 1774
5795 7520
4902 3667
3782 8609
9588 1448
7078 7145
2441 4188
3152 2585
197 3373
1446 1700
2863 4894
3854 6167
694 4975
3732 7677
6416 8452
3136 1508
4892 2863
2964 4486
7420 6770
5701 8275
2840 5758
5449 3950
2658 4550
4922 8761
2346 8669
4114 1051
6033 4092
301 4254
6753 8326
4090 5914
9457 1351
1180 2656
8959 9859
4544 7058
10 3238
6700 7349
1695 4726
6771 5881
3328 6179
2017 7309
4042 9895
8527 2408
3258 5918
758 8480
4213 8273
4613 2278
7754 8568
3735 6385
8567 385
3716 4990
1029 2922
3904 9996
6890 7304
1490 3393
1947 4005
7576 6850
3915 4831
9895 4431
8676 7877
1882 9418
7095 8924
2781 1131
9586 7688
8476 2721
628 2378
7725 5848
397 987
3502 3196
5730 2757
4117 4757
7577 8270
3807 8816
7157 1569
7495 3594
7989 2790
9393 455
5983 4700
134 4650
4795 1610
2137 4505
8616 4089
7876 5011
9596 7907
747 6744
2078 664
3222 6052
839 4527
1974 7455
5525 8517
4665 4180
8460 8790
8074 7789
8023 335
2275 2821
4783 8544
518 7387
2568 4079
9538 5669
1670 9472
9951 3242
6362 915
1440 1174
3919 3643
2409 9822
7336 4392
8802 8286
8913 9321
1771 432
6923 875
8869 3445
2517 2013
8479 9833
9082 1222
2142 8826
1225 6783
4492 8110
5571 3711
5468 1829
565 1799
4502 5790
7469 8225
1371 5822
9738 3140
3391 207
2954 1681
3645 2135
2526 852
9943 3118
1321 4705
9182 3297
4432 6253
6808 9577
3258 9567
6064 7535
6085 484
6709 8041
7370 9359
7897 4511
2885 4317
4904 1750
2951 8422
4393 2316
901 9210
7897 1334
9008 4029
8214 5712
9023 9608
8401 8684
9537 9313
8052 5625
7354 6504
6547 2071
5041 7450
7965 9887
1868 2235
7343 2511
308 7082
2966 5226
5297 6546
4389 1381
8431 9004
857 511
4291 3888
9835 9288
1086 4088
315 1243
2806 1975
595 6189
5052 2466
5227 5297
1760 1589
803 2750
4984 3959
5280 9915
4929 7634
529 2973
2438 9756
2792 9947
1093 1442
736 8056
1145 5344
5799 7344
2438 4326
4495 1513
8533 4688
7395 1901
9203 2385
4442 5542
3500 5661
1312 3246
577 2559
6491 8638
441 6722
3761 4086
1850 9935
9794 4468
9515 4847
1515 4699
7811 6299
2953 1979
3176 4710
6243 8671
2395 9944
6481 6771
8941 9109
5104 9894
4581 6719
1511 3715
8414 651
7573 808
543 2343
4759 815
2562 4674
8533 1888
2047 5949
9734 4330
3238 3436
7610 2391
1099 4897
4201 5138
951 1538
4758 2348
845 825
3886 6356
8893 2604
2095 5802
2716 6954
2445 2204
3213 7216
1989 5306
9831 6642
7670 8126
9535 2086
1395 7660
6643 3191
3948 2154
5739 493
2439 907
4836 899
979 7525
979 3958
9258 2573
5477 7369
8730 6552
957 5174
1078 9159
7411 7056
8650 5737
9449 2190
1560 6886
1913 6081
1130 2141
6077 3834
4377 3684
3583 8277
9212 999
331 6398
5056 2435
7494 2502
8552 4589
1846 1565
9061 5466
2597 1185
3632 2347
6922 5591
6130 292
1361 138
217 2237
1297 9731
860 6604
5676 9608
4071 3368
9176 1924
9545 4518
9001 6579
5912 9856
8496 9715
3259 4059
4762 8332
2631 5950
2459 4445
7193 5912
1000 7245
4742 2390
7296 6670
6243 3406
1270 6850
104 4032
6298 2848
6844 5762
1790 9138
3875 8710
84 3266
5056 2582
4839 3113
4726 7354
3129 1220
899 9593
8404 4595
7300 5362
6532 3446
8941 5639
2081 7278
923 5207
7048 1795
5135 921
9220 5032
4567 317
2349 6169
9899 6491
5328 5459
8061 182
2561 8698
7460 4996
2714 4697
9548 6725
8027 9167
1432 2667
1388 3476
9200 1920
3336 1701
6659 2561
6209 4422
9177 6658
7594 2690
7298 9056
288 610
9839 864
949 9971
1150 3593
4628 5370
2207 4866
7363 3256
256 1664
4031 3343
6671 2009
3638 5817
7725 1059
9240 2786
7956 2525
4683 7406
823 1358
5341 9120
6329 8649
5048 8444
308 4667
6411 9746
5060 985
6688 5447
6017 7619
6416 90
4136 6127
2989 7703
8700 4609
6357 911
219 5523
9044 5208
8110 2290
7674 6858
2858 5592
8176 7838
7333 5316
1888 6271
6951 9092
4708 5785
3379 3331
6507 2238
1454 7738
2988 1236
4016 9211
7166 4899
4341 6070
2667 1297
855 8561
6032 5001
3821 6565
214 2181
8688 451
6448 8701
5789 6011
6695 4631
1072 9414
3835 3624
7549 3119
1799 601
2166 8683
2838 6164
7763 7395
4103 1191
4818 4687
727 42
2670 9251
7603 5818
4897 2792
7040 6107
8544 1378
4484 2654
1885 4292
9490 3395
407 1359
4144 299
5707 4653
6104 1431
6984 5541
8467 715
9820 3002
3630 3784
1923 4145
3349 3404
548 2876
2179 2871
1249 7641
6469 839
2671 4204
6126 6013
7075 4361
1309 5140
1256 6561
1259 2740
7570 9363
7437 6010
9745 3649
8178 3345
3160 4557
7022 9907
4292 9047
1939 8687
8997 64
7609 482
4347 3201
7959 1249
3666 6837
1146 250
9496 1662
4159 7441
4146 528
9253 3528
2540 4585
9367 1153
7023 6605
4750 609
8839 7468
7959 8563
5949 6718
9425 3192
1890 3143
769 4189
5352 6316
8064 1066
5169 5020
2225 8197
402 3518
8716 36
215 1579
3757 4950
3216 9224
9226 1102
965 2110
3440 2819
5322 8490
1 891
4340 3708
1896 5232
6370 3136
3037 3338
7083 9516
4437 2985
9090 5622
7192 2610
8842 8212
9472 7791
507 4159
9707 7292
1508 4756
3145 7087
9402 9079
3983 5813
4801 2382
244 88
17 450
3604 3126
8105 5838
1341 5094
2022 6948
2607 8640
8554 5878
6195 8042
6725 5969
2009 5398
5368 5005
3400 2311
9531 4996
2579 503
438 4467
6280 9779
8654 4222
3862 6807
5167 2491
5044 3124
76 412
9451 5830
3548 3784
5176 9382
8762 2022
8513 1949
1506 267
2092 4750
6119 5565
3560 7821
2480 3075
2033 642
3704 3229
4474 1066
9263 5792
9213 990
3191 1745
8778 2194
2084 8949
9223 804
2573 2504
8163 3790
2948 5763
8673 5973
8635 2922
1260 938
6216 9130
1093 4323
5655 9059
2663 2903
5448 9867
9083 7916
367 9488
8200 6061
6484 6204
2710 6610
3175 409
6463 8077
6781 4528
4155 2863
5613 2015
6575 3339
1000 1371
8615 7784
4053 6116
2216 9631
2842 6658
1447 8442
9669 4998
1897 6069
3131 8194
1571 6419
4647 1545
5481 2277
4155 7409
1115 7614
4647 607
6963 8818
247 6349
1314 3297
7510 1613
3482 8873
4625 5919
4662 2419
8224 2440
606 1172
2473 5375
3304 5159
132 4534
3849 4171
283 3066
3690 7733
2395 9271
6445 1486
1436 8426
7471 8449
3699 5577
3373 8568
8041 5216
8647 5011
2220 8796
1631 635
9018 6016
6969 3071
1834 808
6757 1853
4439 7971
7581 6040
4577 1392
5604 5763
6106 9777
6925 6136
9355 847
5363 6963
4396 9926
4885 6692
6909 3858
8837 4036
1339 6199
3188 5711
1020 4613
5963 3728
9961 6409
51 669
5976 3170
1588 6385
9861 390
1081 4570
278 3076
9489 2623
9059 3241
6420 3253
6605 230
2650 1264
2070 9818
4147 3944
8020 3006
9784 8515
4248 477
9927 5062
438 3616
8103 8396
2367 8065
2905 7273
1328 727
2349 4419
1461 6164
7858 5794
4684 3331
61 2522
7908 8578
3594 3950
2226 5860
3099 5244
8763 84
7596 7978
869 4554
5422 7156
7351 8416
6926 3080
6429 5078
7106 1541
5096 7511
5370 728
3585 1390
4621 8326
9611 2001
6837 7221
2092 5856
7352 3259
9032 2953
5009 3488
9241 619
377 8336
2604 4867
9235 6141
8565 218
3483 3487
7520 3911
6687 9783
4810 5449
6445 9504
2002 7415
751 561
5137 8490
550 2214
4640 4619
5678 972
6585 9262
6365 7920
9979 8657
7486 5914
9787 3048
7767 70
351 9804
1104 9995
8923 9365
2211 7194
3965 9967
3769 6086
7938 2071
7258 2080
9239 8428
4681 5126
2998 741
3344 2204
5392 8835
896 7173
1203 3284
2807 1413
9271 7444
9477 3717
5550 9803
5159 2850
8447 2612
5889 1226
6138 7718
8608 3136
541 5540
8655 5957
7636 8133
7835 7799
8820 2264
243 4
2988 3452
8015 7955
4024 6897
4226 8612
3379 6244
5090 8237
2456 6120
8673 8723
4442 9366
2293 5975
321 4928
5800 8784
8720 7323
2922 1623
4304 3620
7868 9805
4379 8891
9365 444
8414 6040
9333 7656
164 981
8369 5433
7066 9071
5241 6630
6617 3759
2567 1504
4415 3376
5880 4242
3533 7009
8251 913
9947 5391
7676 7285
3671 7753
9394 9942
312 566
342 9138
2717 9119
7924 6828
7409 7861
279 8314
5493 456
250 940
2724 5481
220 8273
8420 8702
29 3213
7915 7876
5131 8469
8228 1003
7200 7824
1648 3978
4361 6658
6915 8575
3244 5124
2683 6695
35 2455
2962 1828
2720 5815
9210 3653
1709 2136
8789 6727
1030 6384
4436 9189
7265 4690
4472 2417
8445 5778
8416 7591
58 9130
7697 79
382 3337
6148 7593
2319 3045
9977 3057
3921 7972
1899 8114
4798 2399
9110 8221
584 8595
9799 5254
2667 2598
7888 8584
5354 5802
672 534
7666 781
9064 7173
1952 4793
5124 385
6503 9386
6557 2139
4359 9566
2877 6899
5499 947
2915 3130
4589 8332
8359 9811
1492 4152
3026 8908
6713 208
2535 9747
8979 1149
4081 6213
7132 3135
996 2717
3522 6097
1781 9882
1101 3065
8295 5855
1388 4973
2800 4217
5503 4391
8531 4408
5455 6627
3496 5601
7871 1621
2186 9985
7354 5085
4874 6366
1661 2313
9212 45
5874 3106
3790 9907
7778 1251
8364 8641
1604 6984
422 7056
2348 5880
2792 8408
7836 2606
1972 3691
739 2978
1868 3813
7711 2752
2631 9611
7841 6593
9279 5638
7619 5655
9791 8647
4582 7217
7361 6730
6847 4802
6503 32
705 2221
7684 8988
3476 9988
189 1018
3793 7529
7888 1609
6531 9627
7605 743
4538 553
4771 577
4380 4298
6049 5348
8269 4368
3621 9406
9380 1557
823 4344
2723 3147
3808 1135
8778 1984
8945 8232
2068 8835
614 1565
1859 6498
9109 7364
7179 9083
3321 3756
3341 4903
7894 2067
2157 6424
9546 3768
3029 5694
2230 4005
7109 8706
5832 7649
1710 7117
8102 8799
7164 772
4478 9684
3301 9467
5519 9894
7752 7385
6625 1883
3250 8647
9719 3675
6126 7413
1597 4723
3182 972
8629 5836
9133 9256
2483 9142
1800 9221
6583 8995
7242 7525
7973 9781
2028 9946
4276 1561
4812 975
444 9475
4418 2023
4977 7856
6619 1680
300 4995
6790 6459
6992 9475
631 5468
6551 4041
138 7445
2374 7909
7026 3595
3655 3486
771 4662
1879 8409
3471 5680
4599 8865
8716 6836
6187 5105
6641 3881
241 5117
2367 6539
3352 7371
9997 8326
4889 8583
9379 6250
2522 7444
7804 3794
8143 239
3824 5654
3894 9292
5408 7641
2975 196
9580 200
4927 8730
5761 8984
71 3439
9986 905
2803 4784
2190 9127
8414 6818
3740 5407
3140 2314
7423 3245
2118 7293
7045 272
4946 5879
8862 3310
3518 1425
2007 4547
1840 4851
108 2269
2503 6117
1288 4566
9504 9788
8731 9480
2102 609
9000 4
9399 46
296 7387
324 9715
7853 1181
8725 2648
8636 9451
8237 8322
2558 7618
6630 2403
2376 9330
4310 7127
9473 7841
6673 3270
7704 1306
4995 9631
2498 437
5536 978
7397 1969
1567 383
5229 6355
7981 6892
6094 3144
3204 4467
9355 2466
8064 3129
1819 6072
6330 8251
9303 6363
6596 8928
3754 6838
196 1373
3139 2417
4850 8263
6262 3052
8715 9987
9719 9085
4530 8716
9164 1778
8554 1255
2083 7459
3973 1589
4256 8714
3464 9086
7104 1075
615 3273
8090 8624
4869 1134
1390 6967
9701 7866
991 7011
8700 7032
3429 7970
9247 1039
2335 3055
8483 7892
1989 6276
1247 5153
2068 3787
4674 7044
765 8237
9140 5630
8484 9522
244 2027
9279 423
1513 8563
2246 534
2516 7833
29 6925
2072 9589
6659 4991
1251 1398
1884 7907
5843 4005
4196 8134
2984 7345
9737 9416
1639 8134
9268 2703
1610 4977
398 4432
771 1942
7249 619
5217 6518
4751 5175
2005 2909
9752 5914
9179 6603
6140 6659
2775 1139
6147 8911
5483 3025
5031 1497
6647 5734
1338 1652
8321 8723
9901 5955
7024 2408
9789 4578
5925 5029
4388 7260
7111 2354
5790 4463
8651 6152
693 2147
6126 2364
9987 3585
3319 4930
9225 6673
1758 6191
2154 164
3792 9815
4503 7266
8882 7173
214 37
7818 3118
7298 3029
4516 2092
5514 9591
115 502
3039 9300
9036 6301
4349 9938
1705 1720
6457 2452
3630 80
5736 2349
5501 2615
2483 5948
4020 6264
5435 4933
8142 8353
3401 7647
410 9103
6224 563
8080 7921
2240 8361
3709 4382
4423 6063
9917 9868
2426 1654
7984 786
2667 2628
4989 9299
3684 4900
9172 2522
8927 7514
8201 6110
4178 1590
44 3179
1787 6958
1117 4491
8916 4883
1414 853
1967 365
1291 3658
4397 2410
9601 4508
94 5735
7858 9854
9508 2334
137 1597
727 6342
3365 9582
2674 647
7731 6925
2630 8664
1861 4106
5254 9733
2480 2773
5297 1564
3228 5188
1195 8167
2327 257
1725 6717
3775 2081
2922 1771
1776 1954
7433 293
3065 9771
3495 5918
6848 5759
5742 5885
7008 8473
5001 9091
6298 11
9295 8689
7190 4366
3207 7681
9070 9858
7830 931
6467 1592
8455 2046
8012 4870
2207 8553
795 5494
2812 3817
9834 7910
4675 9136
7318 7110
3468 4447
1324 5252
5402 1084
8702 8916
2386 5022
1800 7945
5245 4050
3725 1813
2198 7309
1831 4434
4773 622
4111 3379
8355 6070
8191 4421
9545 9245
7612 7350
7526 2607
5074 3990
1625 8404
7351 4371
2243 9572
1550 1969
7364 2058
7403 3982
1805 7020
5282 7548
1419 6312
4631 7866
9420 9716
2483 9148
7027 7351
6775 4336
5611 5687
4128 4534
2530 619
6787 4079
7855 6026
8415 2190
4146 1251
3414 7149
6492 5951
9475 3927
4993 5747
8036 1210
6864 7106
2335 8757
364 4907
7754 1024
7720 1115
4128 8005
9250 8009
4723 9199
5860 4392
1552 1682
2112 8237
1737 8177
7038 4188
4584 6097
4906 9364
4071 3476
3105 5903
6438 2728
9356 3678
7558 8185
5413 1635
9779 8335
9476 1166
2933 8705
4459 9989
9183 6331
4345 9938
6414 1741
5784 7128
9844 9398
7133 7913
6541 2542
2127 9083
2542 3354
367 5743
7258 4399
1814 5299
4848 2270
7463 997
7255 9380
3414 3449
8588 4836
492 3589
5547 328
6635 5484
3554 1982
4210 2456
3315 4100
9472 4935
7461 5741
6327 3491
1989 6060
1606 5475
2165 9368
4030 8720
7588 5822
4051 719
6115 8708
6761 6735
1301 4240
5056 5276
3075 4812
5237 4367
6324 1653
2249 7060
7072 7804
6723 9625
948 7375
1038 843
3620 2000
6557 5866
7896 440
9259 3053
7171 2271
5924 7235
9904 1588
8076 7841
4829 1666
5875 5333
1561 6516
9126 4372
6315 275
7609 7159
7394 363
7919 5392
170 5348
8987 4278
6203 3456
3489 7024
6225 2661
7312 3260
1648 8299
4287 9827
4303 9133
8349 7355
9084 7819
336 1097
9189 6697
1599 9422
8649 4856
1623 8429
1831 7410
1826 6112
4596 2905
2752 4513
6810 9827
6823 3296
885 8110
3842 3193
6046 6616
1444 2743
3011 2502
7672 6773
8759 3423
7871 54
6097 8498
3083 4569
7683 8991
2140 3836
9226 4635
4626 2714
1522 6530
6915 6137
6030 2571
8458 5214
3668 6327
510 4123
1522 5318
4493 6252
7153 9621
2164 3007
5184 6744
4799 3742
5868 3714
3561 231
305 2305
8248 4135
2019 8344
6609 893
9562 1045
1413 8474
9842 3295
7459 4431
6861 8835
5717 9696
5558 7272
6780 2547
5421 2865
829 1189
3590 8012
6282 8389
2107 7387
4319 6597
9021 3654
1489 6986
8021 707
7549 872
6304 5358
765 6917
5336 3429
7826 2582
4226 1167
584 3250
378 7941
6797 7465
7117 1129
7057 1718
2970 9166
5103 3230
2309 3661
3700 4148
2011 6546
3270 5617
3852 3169
5464 5143
7313 7291
8865 5699
2471 8913
9004 8
7691 867
9887 8436
1777 5124
9204 3935
5294 4738
4424 2481
730 2374
1951 2428
6196 1361
6542 1234
2348 191
3156 2983
7225 6426
8440 5148
8670 925
4029 8023
9055 8349
8848 5281
1964 4868
2605 9071
5542 9014
7671 8105
2191 6619
1513 2182
9304 5765
6893 1556
715 2702
2001 4625
3564 4649
7721 2342
261 435
4212 2810
231 4907
3988 4493
1132 8043
3702 1468
4238 4716
1795 9175
3663 6030
4220 4083
4127 8184
5415 5733
6938 9791
6725 4568
8888 3589
9441 4007
3747 3485
4666 196
1040 2872
7181 7875
1798 5146
5500 5784
5969 2379
5308 70
1178 3057
8466 9115
7518 4856
4762 8225
8066 3360
8614 7623
9815 2686
7893 2181
4690 8929
7070 6323
5365 2387
1861 2545
5541 9485
7567 6986
9386 349
8288 487
9832 2961
9212 8574
391 9829
9151 8804
210 8123
5517 8917
7025 9194
8934 4217
7718 8436
9663 7641
1156 1410
3027 930
3004 7179
6033 355
7202 4787
2371 5433
3781 3815
7978 4069
7725 4969
4359 2556
8543 1607
1845 3884
5264 8179
9984 2778
6519 6485
7248 918
419 5709
7238 774
3891 7163
3592 1484
6189 9663
759 5227
6247 6507
2847 7521
8560 9949
7728 9880
7301 4152
8573 8276
3336 2519
25 5839
3846 368
1188 3230
9227 8867
2617 5130
6969 1181
9498 6279
7188 6764
8214 5502
9512 4733
8466 1164
6000 2257
8163 6485
9782 8908
3237 8154
4110 2905
9601 6689
1511 192
9412 1966
7715 2277
8849 2364
68 3792
9571 958
5096 5687
1062 7203
4921 5007
6043 7545
7210 7195
6129 3394
8347 1841
9937 9892
4518 7841
819 3929
391 8872
6409 4831
79 5145
7181 6157
80 2367
6189 2052
8877 3840
7192 6586
2883 6652
3349 9523
3418 7873
3655 6943
4419 1728
9334 178
5553 3643
7349 1474
426 2139
3232 9839
4578 4491
424 5499
2959 7088
8295 6404
1556 6447
6054 5223
2866 1803
4717 268
9914 5219
4333 8780
8485 157
8653 6010
2272 4438
4422 8548
616 8536
7495 5318
3534 5146
2950 4696
3724 951
1396 1170
219 6541
8662 9994
3404 5409
1043 3265
6052 7970
3316 5865
93 1532
1678 4702
3793 2168
8833 9690
9026 9418
3375 9907
3332 9754
694 3363
6452 9764
7560 3819
6018 4970
7590 3096
2092 5233
9787 2311
5246 2675
7320 472
7852 3065
8761 3877
3297 6586
8938 4752
2782 8951
1612 2561
4418 8772
1154 6430
4287 2149
5415 2130
4163 394
6978 2034
5589 1847
4968 1513
4976 3699
4625 185
9438 4784
6813 1473
8028 5259
4658 8898
8073 4117
9509 2543
1302 470
3389 4139
9432 9537
156 4198
3931 9285
2526 9630
9613 8637
7171 5294
6782 3215
5072 7903
1585 9528
9307 5739
9291 3564
7475 2602
151 4707
929 9431
2555 927
8023 2044
3156 6175
3538 8428
8658 5927
1497 4015
8948 1803
3541 8387
6265 1212
64 1836
92 2949
6281 5238
2457 4693
431 1655
3330 3327
6301 3115
811 4039
7240 1011
5787 9121
3878 3538
5744 2418
2716 8635
7439 356
7788 5839
3093 5490
2568 5506
9820 3512
4332 8842
6955 9648
8136 7156
985 5394
2614 3799
2768 1512
4788 7219
6717 8245
6057 8559
6652 8667
6573 2246
7994 6119
181 3008
994 1662
7113 7751
4693 2493
6625 5741
6279 7247
6757 5519
5557 9137
3421 1997
9184 2865
5977 2161
4402 6230
1518 2835
6908 2397
5017 8919
2582 3729
7554 5566
7757 3154
9790 2717
7695 3982
2881 5432
7987 4116
4028 8471
8545 5600
8835 8536
4882 5429
7680 2641
6359 8573
8266 6020
6097 9142
1562 8035
2237 634
3304 9497
5236 1202
8252 9864
875 4880
9388 7729
3695 4698
9241 3050
516 8638
5535 4558
8746 4349
8331 775
9166 3581
869 8084
7870 2249
1284 4289
7055 7096
7389 1098
9346 4858
1717 3967
5345 4902
8995 2755
9086 1246
3255 1607
1094 4917
6760 1514
3722 2581
7929 3992
8466 2374
458 9307
9939 2878
820 7690
6191 6188
6330 6976
65 984
962 5110
1277 6575
1113 948
3903 3825
8489 1806
8969 3918
2313 1170
6820 895
8033 5035
8964 8886
4725 283
4080 1
8372 3556
7868 3796
3210 4054
1434 4256
8330 8691
7907 5238
1717 3058
1952 314
8924 6623
1893 7934
8557 5604
9111 7871
1765 1957
4426 9863
7925 1916
6130 404
3702 2520
9366 8620
7675 9565
1556 7160
7723 5420
3534 9043
3344 145
1102 6403
106 4346
6678 2069
8421 7204
5730 9904
3812 8125
7683 4862
877 5426
5988 8682
8136 528
7033 2171
5935 1056
2597 9998
4609 1322
5519 8954
5091 3585
3284 5597
9141 8576
9202 4241
1394 8676
5874 1200
419 2218
627 6254
961 2343
7617 7246
4563 8835
6275 8771
759 6386
783 882
6016 7730
284 8748
2622 5065
4492 9212
4697 8228
4405 5180
3528 3032
2801 3779
9398 8229
4211 9222
2120 4511
9043 6317
7433 4012
1563 5559
1482 3726
6407 5738
536 1293
3317 5015
8160 6584
4782 6374
7009 7526
6286 8427
7438 3602
3834 7472
122 5460
8453 1763
4859 4084
2351 3931
2760 7941
6428 2481
3999 1560
3821 8303
8322 3972
9164 7156
492 455
8272 4027
7869 6011
7910 340
2302 4024
357 9922
3524 8530
2433 4683
6246 3533
3693 5935
8118 7818
3468 2300
769 8684
1440 128
1090 3039
1437 7385
4966 9301
3143 6922
635 8532
1404 84
3858 8252
7817 6587
2103 7366
4292 1604
9911 5636
3280 5988
2646 6149
4339 589
813 4208
1742 576
2120 1081
2809 730
3496 6060
1640 7626
226 5253
7957 9639
4410 551
5723 736
9919 7211
1236 8958
6047 3488
5388 5563
7046 755
9761 5734
9714 7552
1269 6821
6252 5993
5016 5031
4553 3981
69 6517
3125 1651
7820 3799
2822 5499
7646 3449
2594 8619
9532 5992
1410 494
8354 3944
3579 4767
9518 8935
9618 8450
623 3852
9891 989
8857 938
3176 6626
8797 1787
7374 8513
306 168
4521 7985
1222 3622
7313 7457
4508 4763
9318 372
4578 8228
6072 6630
2454 4202
9235 6950
4469 4468
1002 4589
4192 1916
964 7870
2257 9438
2583 1942
3793 9164
1497 3212
8146 7960
2824 4904
557 143
9651 7154
522 3325
9913 102
6476 8359
3834 3409
1536 9283
9115 630
9945 4242
6077 1901
8941 3287
9919 3350
5720 4016
2303 6696
4178 983
9437 7451
1135 9813
8851 5182
6711 1958
2053 4253
8557 1042
5250 8499
4614 6722
5321 8260
4101 7006
3241 3216
1407 4961
2115 9464
2587 767
2053 4264
9140 5023
9024 6904
8757 4270
9924 9113
7733 4660
1004 3465
4727 4700
1877 3205
556 3023
2274 1938
3708 2108
3741 6629
6272 3903
3466 2322
9960 8273
2424 2056
6916 223
5022 377
5003 6822
2439 3914
2237 9779
6843 7432
83 4595
8676 8821
278 2236
4190 1439
4879 4264
5427 7263
4218 7365
9827 9275
2463 8200
1655 6525
5453 4539
2426 301
516 3589
2524 4866
2936 3475
1207 1163
8782 8800
7167 6958
8758 6223
6847 1847
2785 1001
2710 557
9989 413
8620 2988
3787 5029
4551 4435
6761 3742
7797 4418
4999 3505
2874 7563
6605 9720
7298 4976
4043 8201
5433 9537
5036 4661
7588 3561
1663 2657
6565 2258
2390 5925
8825 1435
6683 6052
2474 2865
6910 1411
9258 5781
7221 8315
2744 7910
4080 298
9879 4505
8151 6496
8120 8791
2215 5037
5316 2291
4811 2385
4529 8431
4291 4593
987 7906
2964 1373
3352 9206
6035 8943
6494 2758
5011 2577
7951 2126
264 4807
5274 693
2450 199
6437 7268
7461 2650
497 9059
4590 6149
700 5448
2622 4921
7213 1002
3507 3912
1676 1158
8334 5542
752 9027
5260 3662
875 6742
4116 656
1373 9799
7348 8631
8155 7825
2002 615
5160 201
2424 2726
5739 9997
8377 3223
1172 4636
8252 9397
8496 6738
2065 8228
4843 3580
3924 1753
461 8599
8663 3068
7626 3392
2315 3929
7607 3635
1128 9856
2896 7366
8797 3704
6872 9077
6612 3628
8097 8033
6199 6370
1429 4273
9549 1833
3138 721
6019 9845
2213 4855
991 5077
5046 8355
5884 1042
5690 8180
4192 9111
8860 7513
3259 3487
7884 1
6446 8077
4781 5734
5413 6188
4651 2403
7173 9001
1574 68
5626 3747
8198 2978
2252 7530
6209 6882
5649 7731
9861 5258
4611 4930
9767 2916
4420 9289
9126 393
1061 6324
9583 7589
3020 3017
8902 81
5381 188
7647 6549
5885 2079
7048 748
7656 9087
5253 6480
8270 4570
4142 8978
9861 1677
3896 1160
9954 1135
7507 8190
7699 5935
2420 8761
5209 3838
1484 6572
8684 3663
418 405
9003 6275
3955 6259
6479 6221
7879 9970
9465 4945
9117 3760
1484 1525
1089 5144
6597 1867
6503 1641
7667 2288
4775 9727
7231 8443
6262 1454
5653 5508
509 7192
6245 580
675 7916
2059 3216
1350 5484
4018 5055
1930 4339
5083 4465
2749 3076
146 7134
6151 9309
6333 8573
9693 6275
3401 9436
3664 4617
8922 9616
105 7776
7941 2051
5525 4438
1795 2168
4492 6467
5774 3911
6292 5761
322 8295
1843 8481
5463 5403
3049 68
3129 5795
1781 9506
7095 2236
678 6263
5188 7695
2954 8336
3485 561
3386 4856
7150 2988
7692 1675
7640 3337
2472 3385
930 8628
2900 194
6471 7949
358 3104
1549 2769
7207 5834
751 5072
858 6908
5211 9264
4366 364
1329 8791
5700 8512
3648 3398
2902 5179
1587 7969
7305 2882
4699 8889
2010 2362
6156 8862
7804 7919
9148 6124
3704 6985
5872 8986
4318 7379
3813 1653
1213 663
8991 2237
474 5062
877 8933
3635 6361
8648 5256
4186 237
3479 317
6828 4447
6566 5044
1673 4322
7545 300
566 9997
3021 7835
7735 8816
9877 7
1931 1352
3052 9209
2274 4475
2488 2939
4966 9916
8917 5458
3074 1745
3188 1962
6570 1221
8812 6209
4813 2440
2421 7551
8650 7222
1825 8285
4348 2672
6350 7283
6517 9857
9152 825
2232 7032
6191 6576
3534 5852
1553 1651
489 4016
3803 686
2015 2770
3067 4885
6637 2709
3521 7943
376 6323
973 9816
3961 713
242 4249
6531 8923
1996 1019
8040 3325
3763 8818
7538 9487
4775 9719
9516 3970
9365 1165
5504 4491
8568 6409
3118 5878
4649 9354
9726 276
8216 4721
2938 5015
2624 9488
5096 6603
5353 6537
3954 4261
1040 6447
6744 1455
5867 8362
9800 8843
7976 5886
941 7095
3612 8935
6793 3010
3675 7476
2244 7370
368 8105
4206 7969
8631 9393
6896 6262
2050 6937
791 1058
7923 4061
2475 7700
1173 9090
7550 6179
1803 5151
3792 6605
5561 3427
6762 5479
2530 5811
5036 1205
3305 7885
7255 2278
7459 8170
8180 6582
3981 4590
5932 5246
8373 4071
7621 9479
6102 6229
5536 3839
7072 7071
1085 4357
837 3661
8685 4973
7208 5676
6773 696
1968 4791
8138 956
2368 7839
6757 1553
2099 4678
3319 8669
417 6698
6632 3363
5123 6913
3093 9993
4076 7572
1414 6998
4927 6228
4788 3490
7764 6199
7686 69
356 2365
9468 7332
680 8231
1999 479
6423 5198
3458 3483
6141 9977
5521 1234
1769 1092
6116 3125
7167 392
4930 6489
2379 528
3856 3342
8317 4321
9570 8861
1534 6964
423 5045
3778 6991
4843 7978
6030 6957
3418 2155
1695 9755
1864 286
8636 1527
7064 2032
4759 7081
3351 103
6803 8776
1239 7154
7050 4795
5781 1925
7629 7753
6744 8048
7110 9575
7786 3978
9065 3575
6827 7467
7291 9692
4798 3027
7381 3791
4957 5823
9333 7001
9955 425
874 5998
8848 7864
6204 187
1240 9423
9829 6713
731 606
185 9251
4887 3722
2731 1487
3880 2512
7204 1259
5026 7277
8725 6271
5380 3918
7427 7329
9583 5353
6326 35
5158 8720
2086 875
2427 6832
8386 8638
1251 7298
6574 7102
1769 7762
3295 9938
1331 695
9773 3742
4809 6167
2449 165
478 6053
9645 3052
8640 8098
3960 1539
5205 3285
5066 5052
7388 4940
2614 1130
3730 3012
3912 2022
5617 1967
6087 985
2498 5735
7396 4238
7975 8143
7399 9486
8960 2273
653 6969
5092 7183
3633 3972
588 5434
9574 8719
5729 9849
889 4609
157 2952
3896 716
5179 7515
5499 9499
7262 1663
6537 7656
9910 6963
1484 1055
6096 2936
9177 9695
8467 6442
4272 3614
9469 9352
4103 5694
8620 2972
651 2304
9086 2632
2285 7705
765 898
4985 3165
2067 2822
7719 6718
7565 1695
1673 4511
3721 8716
8011 9654
9856 5024
3861 9552
6572 9540
1210 7603
8793 1034
8400 257
5630 7882
8901 5319
4247 3920
7063 2475
9915 3867
5531 1960
9454 6723
3999 2301
230 595
4005 3085
1915 7390
9448 3688
3184 810
7514 3889
542 6076
9701 7324
1468 4839
7627 3703
9061 3698
3312 741
377 9768
8622 1729
5652 1741
3557 9686
581 9869
8075 4036
8858 3313
7145 737
7153 8286
3696 1805
9725 5447
9180 5171
4839 9958
6411 813
203 2661
4375 4081
9582 5804
9705 2183
7798 1756
4505 4741
6297 8148
5201 4372
6465 7876
2124 8227
2892 7405
4499 6416
3759 1811
527 8280
545 3
7263 2418
4235 8551
9955 1429
223 7569
5555 7295
9092 7089
62 8351
5459 7354
4421 3768
2077 1480
8623 6495
1374 3917
8729 601
1628 3145
6492 3942
9950 2052
6253 2100
9278 4421
8821 4531
1556 968
7008 8851
4297 3371
2513 4216
2715 9719
8840 9710
4598 9834
9938 8694
137 3884
9256 5051
3877 2737
8890 2263
983 3495
3516 1254
5018 8639
8801 7944
9397 2221
8966 6446
9740 1547
3202 8847
9272 7791
5622 7500
4494 3962
8431 788
3278 3680
3010 8270
2610 9188
8596 6159
8133 2035
3249 9084
2702 4885
6788 9039
6129 7857
390 7491
3308 7875
2537 1566
2902 4428
5996 251
3793 198
5525 1555
1460 9992
985 6572
1500 6411
5551 1361
2452 5687
3712 2611
5140 2148
8736 7999
693 4720
4305 7208
4451 3925
9987 4512
7939 2801
5252 8887
6088 190
1706 2584
1908 9820
8237 4087
5776 3632
8755 6412
1555 2778
7225 6666
6706 4735
9663 7821
8595 9966
7799 8632
4184 6579
4086 2631
5277 6395
2743 2146
6532 900
6523 8275
8407 476
3885 2756
2234 5391
6273 2666
9619 1949
174 3892
3333 2261
3647 4312
1903 1063
2021 2610
5082 8031
2429 3686
2377 9006
1886 6579
1842 4599
8586 5845
1306 9585
1110 2332
9231 1539
5231 4290
7384 2153
3004 4748
2519 9655
3832 6092
9247 5792
2184 7800
1282 5789
1673 8251
3258 4743
157 6549
296 8874
5568 5319
7518 5082
7155 381
6685 7238
1817 8266
2151 2653
226 7501
3325 7160
2421 4595
5821 2246
7563 677
8487 2674
7540 9711
8504 8027
9097 4231
1735 6623
4206 9537
517 5219
3328 2281
6080 2965
1284 4385
7787 3029
411 8233
6373 329
682 4066
3378 8830
1496 5523
3957 6816
4810 4264
5261 3592
4310 9612
7563 6055
297 4151
338 8556
4995 1223
459 4509
7945 5252
4718 3169
6193 838
3849 30
8944 1564
238 4264
1381 4437
6521 1661
7331 924
7238 6484
5461 493
747 694
8703 7625
3582 3969
1589 8211
4429 2970
5177 6284
9934 3278
4269 7023
9499 2441
6599 6959
1281 7577
8682 7328
6565 5967
8009 1512
4705 2063
6277 2487
5816 9375
3347 1236
3409 644
6604 2061
4160 4763
5419 5713
6987 3870
5399 6307
8633 9054
2103 2934
7949 8114
8924 1919
6041 3802
8815 666
4497 5999
4550 9019
8860 6246
7215 9074
9544 8081
7594 9401
7384 1612
171 4580
5991 5772
4403 6021
8125 6674
2972 4984
8248 5529
1693 3743
8461 4551
781 5835
9 4278
2133 1326
7533 768
2354 8040
8274 6091
6180 4671
3395 558
10000 6739
3625 125
167 1309
6410 7416
5785 1419
6746 9792
640 6148
8902 2906
4002 7278
1200 3194
4940 8460
1053 7714
9877 7848
2448 4801
8042 126
3050 3950
4529 8860
3128 8381
5638 5129
3484 8711
6185 3358
4573 1182
3478 294
4001 8877
7637 8070
4590 9356
2951 7282
197 7168
9956 1026
1477 4645
2923 5831
8768 9453
2449 421
4301 2306
7824 8248
908 3300
8877 4734
9422 293
1980 5153
1959 7781
9906 4098
3263 9688
205 2469
7307 4530
1826 2913
1335 6375
4631 9665
4532 43
1512 3715
3511 3977
7797 9249
1805 9237
7626 2294
5549 8032
1985 7510
2540 252
8090 4060
6865 1421
4806 6507
6287 508
3788 1660
4559 1051
1033 7318
5885 4007
8530 3848
3683 5784
692 4525
860 9889
5264 5595
3771 5615
3393 1961
7068 2235
8536 9467
1606 2103
8919 9698
2603 1128
3200 8233
249 49
4061 2295
9935 4948
9381 8735
4309 430
5705 8284
4319 3934
3682 7008
1468 4574
165 917
8433 4987
6652 4643
254 9592
8772 154
3284 7723
6488 6407
4065 5056
9708 5910
5352 1778
9003 9109
1439 931
6095 2544
9994 5365
3835 1716
2584 6753
326 4599
1084 5078
6906 6725
2145 2060
4655 3800
6920 6942
9135 2773
8232 8070
8032 7293
2367 8725
1398 8510
7690 613
9185 7136
7256 3487
5740 7715
7624 4307
5965 1042
1036 4389
2833 5660
3174 7991
923 4375
3667 745
5692 6731
1536 1405
3149 3384
2774 5325
9630 3295
2237 3116
6359 9704
7042 2915
8476 5812
3656 9703
3231 6094
5863 117
7027 4210
5800 6181
5990 3427
5240 6405
9768 498
9328 7684
3241 8937
9931 6431
5826 2630
821 2395
3063 5707
1847 3579
185 9629
4310 5724
2336 3414
4704 4768
1146 7950
9043 5739
2333 321
4919 6508
4037 9098
3517 9844
553 6517
8757 2207
1174 8495
5744 2713
8807 8411
5734 720
8073 5598
9778 5461
7556 4474
8260 6161
5910 5264
8487 6086
6495 2232
7544 8951
235 372
2579 1136
1390 6503
5734 8127
5925 5683
5871 8647
7162 8899
4323 4893
8405 2965
6818 2322
7227 8559
8794 7430
1102 7353
6279 6956
9077 4146
9519 6946
9159 4972
1550 5120
6120 7087
8906 4981
9394 1800
6630 5090
5763 6066
4800 1965
6513 3788
8745 24
3750 2767
131 7020
5568 8227
1126 8396
4746 8866
8810 9014
672 6361
2029 5672
9176 4270
7880 8870
9958 7262
8 7242
6307 6616
5913 3114
6787 2938
5441 2598
3587 2006
7660 8686
7214 4709
8300 765
2230 7002
4947 8992
3697 817
2178 6979
9050 1870
3826 1207
5055 5299
4560 620
4552 5070
7972 4833
2683 8098
3348 4387
7262 8999
8331 1500
3012 6436
9634 4733
4318 6981
9020 6027
6218 7430
6720 3540
8299 1515
9475 8718
1186 1954
5400 1050
321 3759
2848 8925
6717 9763
5473 48
9365 4280
658 9844
8993 5858
3523 1286
7863 5041
3684 4580
5285 8100
6944 167
3542 2645
9123 3443
3916 6082
4205 4674
7498 2827
3978 2507
470 1242
1382 4547
8543 6198
4715 3413
253 8234
4928 1718
3783 5232
3155 4424
7008 7542
696 1984
5459 2515
8626 2732
7871 9350
9214 7942
4030 231
6359 8009
4582 8655
7206 3167
7510 911
2143 7213
950 1639
5368 7640
7054 9416
3211 644
6561 3284
2390 4429
8794 6189
5402 9248
6740 6238
5231 7622
1925 1739
6551 3171
8759 935
5638 1500
3040 2391
6140 1564
4304 6959
2927 972
6717 7269
1194 3638
8180 5664
2999 3252
2354 6546
8436 968
3274 4040
3619 790
7256 934
2677 1049
1769 9828
5934 5452
5971 2423
1470 2100
2598 7893
2251 3948
5875 6278
6008 9117
5162 7835
61 4513
9007 4278
8270 1181
9288 2859
2306 4836
157 9209
4421 9
1439 9892
3910 1241
1203 605
4460 9764
7176 952
4549 9115
1693 1745
8119 8103
9869 5760
7673 4588
5683 7888
7012 8487
5658 5613
5782 7464
4825 5770
3031 3731
4664 8498
1949 5398
7699 4347
2996 815
8447 5459
7592 9332
5400 6781
9556 6933
3725 8217
6498 163
3378 3691
8331 6799
2323 8033
5099 6687
9519 7638
1317 1205
7396 5828
8992 4767
8482 8869
6531 6821
5881 3552
5712 7769
2286 2312
3909 7253
7213 6795
3760 8239
7147 5816
7459 5345
8284 8660
7872 835
6561 9642
3652 6736
4654 4879
544 6503
641 7207
6076 4666
8011 178
9807 7912
1705 7076
6334 6024
9885 5895
3245 6127
6109 6204
1191 8662
1606 8850
8278 8546
2334 4428
5970 9942
516 1458
8675 8074
5325 209
4208 6543
2431 3099
7334 3555
7071 7623
3546 5521
349 2733
5303 1452
3444 4609
7883 6602
9414 2771
7056 8775
7287 2452
5770 5750
8126 4186
2013 7262
7747 6533
5065 9962
5799 2888
2314 8809
5862 8317
3824 3326
6280 7335
6846 2150
6397 8596
7455 4328
7898 7401
1510 784
5928 1983
2112 4403
9686 4496
5752 2158
7183 2652
4348 7740
3837 2933
5332 8095
9620 1331
7009 2340
4413 2540
1346 6472
6273 3543
1388 2317
2309 2534
5503 4154
6829 9102
5617 1455
6466 6634
1648 1171
6967 2851
9319 8011
1326 9431
3533 6146
3947 6654
4506 772
546 4000
8841 2979
8442 2643
2728 6356
6962 775
9464 8773
2624 7704
8471 7772
8794 7658
8018 3016
4502 9226
8805 4219
2111 1393
625 8008
8509 2086
9280 2144
9541 180
5931 545
2334 6897
6082 7547
5232 7540
381 4844
10 9495
4422 9534
6062 7438
9742 6725
1250 1688
3193 5122
9101 645
6880 9042
7034 3241
5860 5294
5321 2356
5776 8359
1443 5122
7617 2305
9559 1061
1807 2883
9746 3995
8779 8233
6725 8658
8264 1642
2735 7959
4434 4789
4265 1821
9130 4917
7312 3543
338 4368
871 4618
8101 5918
3326 3947
5068 2353
1443 2380
3856 3716
6654 8534
8416 672
8299 6813
1589 7423
8545 3573
6042 2604
8636 2370
774 1619
1196 4230
367 8827
8240 3868
9192 3036
9600 7812
7727 4732
1450 5351
3207 8485
9619 8256
1767 8969
7366 211
4284 4034
2329 1877
3092 3260
2310 2555
1767 5443
4603 4352
5164 3444
8539 9820
1899 9837
5947 8970
6453 1792
9206 6642
3098 8641
1586 6120
8830 553
9566 9973
7480 1758
1800 4032
2222 6765
4444 5447
8632 2998
7509 773
5508 8305
1941 5000
5633 6757
2111 7489
3663 1196
3398 5733
3333 5950
9566 2892
1164 8165
9604 32
8871 1188
8733 9008
1634 8438
3259 6935
4452 1206
3956 8167
3739 8806
7683 4749
6368 4547
1898 1245
3341 5922
1780 4916
275 2490
4630 7155
1894 9859
1248 7133
2710 3228
8966 3592
1089 8913
6036 5716
8873 7300
2046 9023
3762 5660
4061 7217
6641 4268
3176 5930
1031 4258
1165 9297
6852 651
1913 5303
5702 9003
7326 835
9817 9098
2398 2380
1915 4134
9122 3301
8103 8827
3945 3640
1043 4888
8438 3371
5552 7295
7877 5048
3839 9803
7429 6793
2554 3134
611 1543
8837 4274
9732 3508
7571 329
2991 7781
6998 5358
7924 4015
4914 3646
5881 132
2610 7827
7236 6985
8761 5315
1995 9914
435 1473
5511 8134
3432 2956
3983 7893
9110 9667
9419 336
9916 8763
8771 19
791 9155
6912 4993
8639 9928
8145 4423
7056 1123
5941 4650
8492 327
5584 9657
1052 3494
9413 6862
2103 3444
9351 4184
5892 4483
6405 9314
7356 6556
1825 7127
9305 7408
9619 6185
5174 6157
5089 252
4534 6738
9102 5767
3534 4643
2765 1217
7483 5402
2199 9333
7742 8239
8100 8063
119 3340
9769 1250
6960 6177
8303 4953
117 7311
8640 351
6978 1130
5130 9168
6759 1945
330 2552
9233 889
1718 9349
3085 2051
5995 4713
6090 1292
5676 4983
4288 6168
7653 9764
2358 406
8417 7156
2364 1372
5634 3066
3071 3955
744 535
7012 9329
2297 30
7503 2000
4687 6617
2778 3603
1991 4983
9448 6869
1589 8216
2460 8207
7262 1290
3743 2337
6442 5209
6749 7410
1319 2715
9037 4054
8473 1529
133 6788
6740 6041
6817 1227
7978 3401
3044 5535
437 4936
6683 9548
9411 8841
256 13
4863 5074
7870 5375
716 8397
5532 8557
5479 498
7022 1160
8920 7135
2526 7532
4457 1236
2211 2131
1960 7891
1927 8635
647 2176
3221 4219
6774 5754
4862 7451
5787 3173
8058 3239
3639 3816
2541 3259
6959 425
5734 5321
6750 156
2157 84
5309 9082
5286 8587
1063 6091
9034 9004
999 7121
1051 6084
5378 5661
5026 1702
4423 459
4185 9959
1672 6376
3164 5273
3667 9320
445 6894
691 1204
8556 8281
8219 5853
4203 4782
3783 1816
5535 8055
8931 3001
8726 658
980 3081
1057 9256
4228 4614
2697 9879
5341 8799
4351 3669
2573 6819
2988 6552
3534 8703
2813 1269
1174 640
3685 5216
2673 6696
4161 2516
944 5857
1361 3770
3402 344
4829 1918
7719 6133
6597 7654
9233 1620
4615 2829
9710 5372
1759 5277
2132 8892
7583 3508
1220 5344
5020 4699
4354 170
9207 4424
2603 4546
632 1559
6529 7597
9776 6804
6474 8325
5453 8253
1998 3186
4032 2448
172 239
1716 4368
7400 5822
7081 4774
4470 4679
6056 8358
9507 9494
6530 1130
8534 735
4780 477
8308 2794
895 6344
1137 7311
5397 6956
6349 9657
4241 7533
8118 9495
4381 5431
4317 1354
7086 150
6096 6174
1205 1629
2875 9731
3550 5298
2425 8904
8608 7291
748 1705
4747 8280
1411 2024
9120 9357
9060 5006
8441 8403
6768 4024
7836 390
1922 5165
4941 34
335 166
1441 261
3263 3761
9247 4905
7029 6344
3479 9078
9920 7912
9455 5666
6064 4208
5878 1361
969 1015
1397 692
8405 7527
6729 1477
3320 4741
9548 138
485 9808
4301 317
3542 2275
4167 3238
4159 3162
7320 3227
5958 2808
4703 6868
2925 8423
1490 9187
6976 7284
9433 5345
4373 6514
2267 1240
5675 5384
1373 1483
8906 1064
3884 8171
642 3776
417 8899
4693 2274
4623 7443
3061 5601
1738 5565
8887 2039
8335 9366
6043 1221
439 8617
5081 309
2222 2536
215 206
2447 405
7021 2711
852 510
5557 4579
1666 5801
8568 9412
6438 9738
9487 3309
3372 750
9903 5239
5357 8740
1194 8049
3864 2081
9998 1049
927 8537
2231 132
6360 8553
5318 6338
2429 4334
3342 8815
3146 3170
4786 3116
381 8442
7557 763
3977 6727
992 1019
8060 4466
9518 802
722 2616
7658 3682
9277 2728
1076 3901
8265 2887
3344 6347
2401 6954
3118 8422
1651 5546
1411 4742
629 2194
3656 608
9487 3111
6233 5187
8512 4011
2165 327
3589 2419
5656 5968
4732 8905
166 8062
4879 5680
9710 9953
1117 5995
8064 3155
5539 2779
5570 8458
7921 9947
8231 3301
7400 4833
8767 6363
5345 5157
4346 5285
6602 8997
648 8483
1312 1176
6978 6978
4482 4516
2089 7183
5489 9394
5423 580
4728 32
3452 1243
9560 967
5791 7110
6777 2134
800 5980
3751 5997
5336 2147
5463 5170
8357 4612
9602 3963
3053 2825
6913 2295
7217 875
8992 5401
6504 6076
701 7782
308 2890
9411 4830
4907 8117
8240 568
3598 8285
5484 4936
8474 5198
7434 9069
3563 554
6746 2000
3995 5590
3578 7227
893 6681
1661 2577
6674 2832
6502 1817
451 6005
7901 1427
8215 215
3973 1002
7491 334
8864 693
1159 6535
1341 4140
113 5320
6453 333
9468 3074
7442 2834
7977 3067
96 9798
5364 1852
6738 3238
7259 6003
2019 961
2410 5112
7724 9616
1872 2000
8770 2299
4853 6068
7574 9141
915 734
8996 4321
3201 889
3034 7952
2392 1308
7459 6250
6068 1953
7579 8460
3171 1117
5318 3946
8253 2327
4805 7900
5194 5965
6646 9097
5081 1518
8081 8140
7938 1432
1206 9636
2984 2461
6446 6728
7125 5494
3473 1432
6342 9762
6756 9207
9688 2387
7913 1211
565 9191
2086 2660
4975 7723
496 741
1431 8422
6377 520
2214 4863
6479 2261
671 9028
5330 8625
4224 2528
4426 5157
7805 9722
3564 2519
7374 3669
6480 3895
8230 848
8003 6011
7794 5585
4889 7202
7552 125
7536 976
3841 1288
4776 8493
2176 9639
8905 8413
4800 2123
3166 7549
6138 4084
8859 747
5855 1630
4260 3452
4195 254
2555 5383
9294 670
954 8760
1157 7788
8198 9516
1974 3781
2615 4940
7478 1158
7947 6179
9025 6806
9106 9045
1084 2916
5062 1553
3820 5752
1055 1645
5469 8180
7299 3518
4180 6911
6386 6007
4021 383
6562 1459
4834 8228
3082 8524
617 8260
4800 7321
6136 1916
8218 395
6450 4094
6154 7916
9021 8324
3230 554
3124 3205
5361 8470
6217 1054
5438 9850
1981 4693
2393 7437
9704 3328
5821 6480
9696 3433
3366 2550
4432 5606
3040 2661
105 3312
7680 8121
8272 4454
3711 2567
2294 1725
1423 3605
8236 2657
8930 1507
4938 5318
7016 3396
2930 592
7042 6352
6882 6977
9112 7887
1272 8840
2671 7217
3978 4071
6746 5772
7450 2058
1990 389
2176 7946
1735 7603
2129 4091
4241 2509
6853 4665
3318 593
9919 4343
9515 6001
8401 7004
9066 4669
3082 5394
2773 5750
4066 7687
2023 9782
1492 1866
4116 7033
6030 3886
4105 4456
8850 538
5314 4698
5751 2958
5751 5597
5141 1719
2574 3597
4545 9441
1821 9543
5345 1859
5569 260
422 3290
3741 4376
4401 7421
2707 5827
1177 9378
7907 3467
8417 9995
2655 232
3720 8231
328 290
2128 2667
2115 7625
9666 8024
7529 4471
2610 7635
9847 3058
7167 7820
3695 9093
9241 5078
6938 412
9001 2065
4075 9254
9909 3270
3331 1577
6910 6331
4624 1868
3476 9949
597 6880
2180 4304
7907 6724
8489 4938
955 6770
2480 6030
5243 8784
8138 4004
2550 4740
4950 7405
5108 1745
1468 3982
974 1514
5533 918
7778 2839
844 9139
7039 473
4565 7645
6234 8888
5655 8794
805 4332
8606 486
3303 3613
2281 6179
1844 3077
8532 8665
5064 6182
300 8565
5775 3138
3864 3464
490 1021
4950 8623
7027 7823
3362 5220
7351 8862
5843 7042
7871 8994
1852 1568
4358 9056
1921 6396
3686 10000
3319 6928
9568 3121
2670 6266
4490 9854
241 3253
5024 9547
5578 9599
2706 8665
9173 2019
7662 9856
9852 334
7190 4318
2584 7465
6453 5902
6373 2260
3503 398
6946 1088
5803 8426
3908 9141
437 5379
7063 7384
5205 6862
1573 6080
2783 3046
6664 841
5134 393
7544 2135
360 4177
5236 4181
9193 251
4013 4188
3285 9476
1109 7850
2518 3277
8407 2062
3497 3745
792 765
6422 6724
843 4888
2532 1324
4563 2299
9294 4307
7840 8721
5544 2761
8300 5532
3748 3517
2280 5409
1583 2747
1567 1735
22 4167
9621 2711
111 9296
1955 6118
5625 8201
357 5659
3783 4171
5662 4819
1235 748
8726 9182
7466 4567
4332 3147
2851 2426
7675 1968
3513 6040
8143 5074
188 2899
68 1584
3287 6686
5137 3979
1326 5677
6149 843
4935 2570
6811 4638
3610 4175
7253 5420
7412 4408
9952 6466
796 9018
5763 2718
751 5495
4721 8010
6451 6590
1326 1990
2591 884
8989 2694
3603 8846
3314 5701
946 7818
8928 5806
636 4362
9529 2149
3231 7408
5840 2742
3439 641
1169 9328
1538 7563
9246 8501
3809 7669
4039 49
4153 7171
6224 8424
4093 2715
6009 8307
3335 1524
6991 187
8091 6394
729 6896
9336 9005
6740 7043
8201 9962
7583 6276
676 9012
3730 2316
8822 3878
7910 4694
668 1139
3616 5140
5997 7605
7455 9546
187 5609
38 7455
3316 669
5087 10000
6699 4947
1458 2245
4063 4954
7757 856
9530 6917
4243 3035
9611 8271
1707 7670
1389 8696
2002 4627
4078 9148
9935 3118
6149 2307
1175 5098
5216 2896
5904 4613
2858 1298
2863 9041
1569 8908
3503 3172
6026 8670
920 2053
5863 9214
3259 3536
2136 6059
6284 6482
4661 8288
4793 5534
2427 4165
7566 8418
4257 4101
5539 6699
1912 4431
7886 5933
2827 424
5700 6143
4654 1972
7957 8577
8825 388
9458 9663
5288 9758
5422 8115
5636 1283
2437 6117
6794 4041
439 525
2467 617
5416 5037
4523 1033
7521 9237
1505 3416
4285 5497
6468 4840
3614 9625
1307 784
6258 6232
9788 6638
2442 4748
6451 9703
2338 7003
3583 5107
5086 2347
3439 4093
6020 1213
7914 8104
6823 3082
2837 7109
8260 9778
9081 5600
213 29
7681 4705
8678 6241
1142 3854
4431 9415
8122 430
3028 3142
3689 846
858 2620
2324 1489
6901 9631
5872 2956
4912 9409
3615 6043
5689 340
6670 2893
4137 2433
3883 1769
797 5498
1417 8874
2540 2965
3223 5658
2103 2295
4572 5056
1171 7895
5841 5077
6668 7505
8747 3214
4968 7972
2198 68
3699 1352
9976 5671
5834 7295
7409 6904
5756 2621
9244 9478
1980 4056
5893 2896
6220 5035
252 1844
3504 2535
2268 2445
2996 4862
3449 6814
4235 6335
8505 4348
8478 9792
6301 3200
9813 2881
7321 353
5761 9046
9815 3761
2026 9161
1832 4963
1099 4748
1313 5633
9397 8714
1446 6489
2619 4541
3454 2006
4020 9877
4017 9360
5278 5454
9510 5057
4646 5275
4241 7670
2078 9017
4887 128
6016 2564
8303 9991
1524 7634
4900 1156
4453 6421
4779 5420
1337 2194
8797 7352
9691 1790
1779 890
8413 942
29 1132
2967 8371
353 9721
5037 9593
2777 7297
1351 6363
4133 1425
1339 2703
4723 3459
8337 3457
5232 2761
4010 6285
6078 1726
679 3077
6398 42
1260 1673
4849 1628
1472 3874
9406 2686
4029 644
8364 4298
9491 467
9709 8022
3452 1780
1053 7902
4778 5433
7336 7348
4561 8092
8459 4316
478 2553
4044 3228
6257 5879
7521 7061
921 1304
6709 8056
7511 4853
3094 476
5962 2598
6982 3853
9833 9501
722 156
1566 5775
7182 3327
5977 1702
5663 4621
6644 6848
2447 2174
4905 4601
8161 8257
6136 7993
9135 2635
2998 7716
4969 5486
352 8291
9465 8299
1515 3313
7127 6204
555 5721
2422 160
305 4020
3977 2453
795 402
904 3919
7770 1694
3445 6357
6001 9084
5119 8541
7071 7541
8559 9296
6311 893
2234 6056
8594 3479
226 2343
7659 4321
2274 2620
8657 4758
6251 7937
8613 5468
270 814
4477 3826
6614 2813
3463 7534
4658 3201
5371 5449
4994 2188
1550 1565
1927 7131
226 3072
6540 5183
2856 8438
7516 793
1206 6443
1895 1509
9842 2112
2966 523
3714 477
7470 9391
5531 4112
9314 9360
2602 5372
1967 4753
7844 9277
6745 6843
4632 7979
9153 1644
188 2748
490 75
7188 4416
6884 3919
8288 8213
2972 6022
3235 3939
2377 8168
3277 7400
2207 5069
2533 4057
3732 7898
1032 815
6451 5825
9096 6897
7711 8960
7757 9737
5099 1178
4901 6827
3756 6229
1818 9462
5834 5598
9852 9318
4263 1535
1836 3792
8023 3696
7993 1061
1109 2842
1013 776
2370 22
9961 1340
8422 4678
7728 9708
6810 124
1705 4642
1608 9814
2365 9363
8658 2855
9443 4530
2617 2194
403 7493
3010 3920
873 8755
1477 1115
1749 1569
7392 690
2636 5629
4058 6656
6330 771
2651 8249
4025 1637
6102 6360
5922 9230
114 6703
6946 305
3492 3160
2238 524
4979 9733
2129 2322
8779 4560
1266 3418
5965 4401
1592 6901
3951 3067
3854 8852
1214 2201
7346 4400
9462 7868
2545 8193
434 1371
6362 187
9502 7761
4663 2716
3300 440
1777 9758
3520 5333
1651 4355
4105 3035
359 5106
3998 2393
4652 7690
2652 3941
6216 2335
477 6648
6353 3192
1412 6397
755 530
9826 9636
9063 1713
8910 656
8897 1871
2769 5902
9053 229
9386 3789
1535 3004
6657 3431
7140 8834
8683 741
4247 7656
4493 5327
5527 8981
6405 6630
2253 502
201 2739
883 2970
4306 311
1631 2281
155 9049
3685 4699
946 9169
6777 6169
950 5291
3796 1648
2584 5186
4111 5389
3423 6839
2311 8125
333 2237
2043 2082
2931 1335
9635 9759
3548 4646
7184 7422
5872 7865
9821 9238
9486 6995
6804 2988
2459 7393
1160 3306
9198 5175
7544 3374
5741 4437
3010 1004
9677 8691
378 63
6881 2
8888 3159
2259 4217
1823 6539
6676 5758
5801 3129
7270 400
1400 4658
3331 9471
9836 8797
4927 3919
5346 2263
6484 1680
7994 5808
2482 6782
6572 2050
7477 3628
6277 2065
7623 4889
877 1690
5883 6446
4022 3472
8123 7828
9410 5192
2274 1572
4488 921
7739 9939
7375 5519
7250 2444
1694 8540
8355 2612
9000 8461
6710 7419
3500 3184
8389 7841
8739 7746
3374 3958
948 5173
7434 3037
8741 1412
4560 4055
3846 290
7161 7072
2557 9421
6202 915
2602 3017
8465 7592
5102 2526
3131 6887
6315 1034
4866 9567
8862 2391
5593 2638
7103 957
2152 5096
6364 2956
2020 7591
699 5329
4285 4466
8877 3056
8064 1594
3277 867
5545 8450
1379 286
1856 7861
4544 7948
8926 1868
3765 6118
5543 7143
7076 1358
792 8388
8312 2272
3053 3163
1901 2278
1766 6580
3383 8328
4121 9292
335 1530
3888 7225
3395 597
4562 6481
2072 4069
4006 1864
5027 2237
2795 2441
9515 4722
3428 2607
9679 4621
2616 2069
8366 5185
3819 3188
2186 9950
2224 9134
4459 2261
9352 1266
5777 5127
9487 9200
6845 7353
5102 1981
3289 6869
3477 3811
7134 7210
1699 2762
4623 8076
2231 5917
5074 5914
6224 9376
459 5449
6783 6556
391 8124
9356 3238
2214 8355
1436 2783
873 3570
8775 9963
8257 8946
282 6848
6707 2794
8806 9171
6365 3525
9980 6629
1064 4140
6320 5541
2438 5165
8774 7309
6938 1999
2882 1117
5457 7574
1772 4307
227 6302
3147 8864
8697 214
2467 7457
9071 3258
9512 7467
7187 4666
509 6438
9441 7350
3014 7394
1421 2250
5732 7454
6969 4577
474 8192
7320 2890
8422 1163
5041 6942
7903 7049
2439 5231
5848 1857
9126 8200
143 8595
8435 8010
5028 7891
7368 846
6769 5957
9771 2667
1757 3366
7415 4360
4240 3063
8679 7218
5878 1053
9513 4696
4291 8199
6376 1368
2807 6577
5836 5029
8586 8813
516 2880
1307 3847
6074 7739
9617 7566
8908 5194
7510 1731
9270 7665
7848 9644
9475 6290
5189 1992
1902 6585
5120 1305
6461 8808
2286 8463
2224 8967
4292 9689
2901 1414
3680 7477
850 8956
5146 3870
9321 1420
215 9550
7589 8620
6532 7161
8707 8648
3972 2309
4529 7439
4764 672
7713 546
9790 4668
5379 3049
8276 8107
4121 8560
3042 2265
1049 3234
8513 1828
556 5747
3660 4134
1491 9166
7084 153
4440 5646
6404 642
3779 9903
9157 5915
4209 2390
7387 2662
6449 8123
3111 6261
1773 2078
6853 2007
87 7122
6432 3714
1224 5390
8193 3108
4158 9057
7862 8471
3800 1453
3223 5945
98 4433
5797 1964
9094 2962
3709 225
648 2847
2937 1658
2514 2544
9133 813
5440 4985
7183 7112
9000 374
726 4409
2833 5858
8786 7278
2977 3048
1734 7484
7996 9297
3744 9061
4570 3694
3946 5451
7251 3695
3454 7119
2065 3342
465 3103
8651 8997
607 4921
619 3540
4732 6286
8822 4948
1337 7051
7222 224
5800 4834
6045 579
3621 2760
1905 8832
9856 6745
9593 4950
1926 776
5207 671
7997 3612
5321 9147
8108 5352
1879 539
250 7302
7493 9518
8560 3577
848 5586
5849 7888
6878 2171
7612 3928
1430 5434
9755 2826
5077 8710
7178 6073
5787 3544
5435 7385
5117 3233
2652 1927
7641 9836
3877 6330
8280 571
5062 7959
7233 4550
8870 6847
7193 5780
9466 8744
2535 3370
8525 2724
5164 4885
9597 1767
6711 3784
3051 9783
1766 6870
8768 3482
1828 2707
8775 2558
4673 6923
7013 6610
8815 5349
8415 2226
7749 926
4492 8700
3676 5324
7608 5782
5379 1196
1136 1930
9951 6026
7680 6476
3059 3483
2547 4164
7426 3243
4668 5486
4231 5203
2143 1255
7095 9022
4600 4853
3367 4939
9563 599
2369 6791
5009 1657
5309 3179
5307 5942
6539 7720
2715 3448
849 4308
1643 3434
6485 8344
7844 4925
8571 9851
9748 8933
2639 9427
4101 5869
2933 2965
3113 6559
5195 6079
5297 316
8604 4181
7186 8499
6569 9127
8117 6995
1052 8397
5272 6066
113 7725
1151 1000
3375 3121
685 1996
5071 3229
159 6725
9392 7958
5141 4008
7794 4310
9601 2041
2977 5361
3410 9609
9201 3320
406 3727
3645 2613
4213 2144
8485 3913
4000 4148
8386 5078
7372 8107
3082 9910
2575 9188
9754 690
7206 5689
4873 5416
5615 7425
203 5691
2181 4590
2653 6186
2666 564
2669 1630
808 7067
837 2248
2367 5118
7410 3602
3793 241
4422 1761
7715 5333
5091 9740
2432 9656
198 6142
7593 7372
6118 1956
3262 4076
4209 6424
4543 4741
6227 7937
8960 1544
5467 880
8787 4973
8317 4383
5491 6689
5905 3888
8505 7553
537 1503
5502 9275
6598 6047
6355 3103
624 8753
7979 4010
215 5545
2244 3805
6485 1833
4136 1599
9735 776
2360 5087
3037 924
9573 1050
3409 4208
4436 8550
5289 185
2665 3225
5966 7501
9279 6146
7681 8493
9219 5651
6077 7872
8542 5613
9671 1432
3364 8568
66 5710
8747 7146
7563 4542
4709 2238
1872 3451
1559 1337
2606 7807
1731 5499
9256 5688
309 8347
5316 1396
1433 5568
6265 541
2769 8337
6074 2659
5236 9098
1945 2273
172 3152
1953 4365
1130 4480
5295 5160
2490 9245
9809 4198
2072 5400
6485 8603
9951 1860
5616 5498
635 5644
4314 3502
822 462
49 9251
9906 5150
9920 9867
5423 5414
325 7333
632 7313
6742 5689
6405 5911
8284 7004
4624 7546
6733 7055
5273 9153
4730 6646
4401 3073
2817 9516
5159 783
11 2759
9089 3996
7602 706
9847 6559
859 8201
6570 5590
8340 4206
9044 5289
3477 1681
1883 1864
8142 4663
9903 3008
2871 8500
1867 363
3433 4157
4802 8410
8437 2546
6064 8222
7664 9817
5358 9523
5800 9534
3866 9473
1279 2691
2710 1644
4897 1497
7911 3598
7917 7861
4037 6518
4314 2531
3736 5333
6881 5810
5332 2763
1869 5787
5674 5727
1843 5039
428 7555
1454 1710
8999 4439
5808 5937
6267 9555
6117 7534
8328 3301
2324 5895
4428 3088
7395 8025
2270 1117
2945 5674
8898 3577
909 7470
4321 9720
936 7024
94 4218
8189 2921
15 1276
1243 1548
5143 3910
4769 8688
322 6840
6694 822
4395 6437
4516 2079
1295 6158
469 7761
4206 899
223 395
9972 8724
4805 9236
5957 3386
437 9170
6521 6085
5959 9942
1327 9912
2551 1662
2638 5394
5418 7513
3818 596
2139 9601
6200 4214
7362 8894
6529 5086
8538 5174
2157 6576
2373 7952
6176 9245
6690 4272
9686 280
7396 4348
3371 3077
5223 978
5588 5454
1951 3652
9140 9907
788 3316
3934 4354
593 8710
7699 6811
8646 234
1965 2422
1625 2262
5477 6297
9506 9856
2243 587
2055 811
6391 9233
2605 8967
1044 8826
8810 9734
3367 9027
5050 3756
3011 962
6196 9657
6113 7057
7400 1812
2051 723
9611 4068
5146 9352
5503 5364
8484 9045
5500 8183
2063 4519
8584 5772
2440 2626
7574 9067
6065 2923
3577 9269
3507 3732
9266 6997
6729 7121
5714 3958
6632 1253
2440 8083
3032 3535
5362 8048
4269 3004
2358 8133
8628 5388
1104 9350
4774 9282
8887 7771
3367 6877
9079 6016
7059 7671
3959 8803
1068 8611
8568 8535
1485 9097
5286 1835
3547 4284
3827 2975
7015 5128
6317 5142
887 8605
2175 5470
4607 6537
2451 4780
7963 6482
8333 7967
6870 3100
3497 5961
7213 3450
5001 5219
3954 4652
2386 5663
7665 7346
9703 3022
5705 3394
130 6500
206 1248
7870 7714
61 7445
7035 1840
9111 7644
2175 6908
7701 5650
163 2171
9811 3870
8116 1496
2940 3629
7037 2719
2922 8786
5860 8882
883 1089
5609 2314
4511 707
8323 7475
821 373
468 3508
2627 6580
5505 2437
5878 6266
5300 3943
71 2418
5080 2669
8911 7051
1600 8967
3417 4977
9229 9056
4657 6815
3632 5500
8292 4684
7729 3961
8135 8999
9642 7155
893 9822
7286 1962
9290 1205
9318 602
5762 1954
7119 1848
3895 1254
7498 3184
9813 2605
804 9862
695 4486
4137 1790
2602 1196
4350 4190
4812 2315
512 2965
2850 4213
542 705
7388 2038
1686 4282
1219 5648
9525 9960
1483 7886
5218 6960
9333 8672
5639 5427
4230 3327
6126 9724
5055 8568
505 2994
5226 4626
8094 3932
4004 6908
2362 1702
1183 5647
937 9934
7337 6984
1651 5742
6830 3906
4308 4696
5764 488
2855 7693
2056 7877
7663 659
9828 5442
2580 3017
5311 5549
6469 5865
6424 5376
3894 5800
3253 4227
4666 5319
1576 9759
6912 5745
6652 1588
3378 3606
9456 5679
5633 6412
2530 7988
5874 8761
7662 770
1022 4715
2564 12
8778 7385
8740 7398
352 1658
7736 5284
9531 1009
7955 8082
2786 4331
9227 8517
102 3718
7319 2180
1214 9152
5571 8822
6948 1011
5858 3818
339 6358
6046 8257
7226 9924
6144 1067
1010 5748
331 1639
1253 392
7059 6374
814 3675
4398 7592
1216 7871
2827 8243
908 1289
2661 856
6138 7201
8282 4163
9103 4026
6381 5839
3080 7728
391 4788
9206 2356
8303 1424
4613 9666
6034 9368
6599 3767
3566 7022
2518 1716
6019 2428
81 6016
6846 9878
7755 9937
5360 1694
9950 1615
5751 3623
6670 7856
9801 7280
2339 3577
477 8084
3457 7842
8588 2113
9806 2405
9701 331
8869 3719
3491 3610
8165 4335
2731 6990
5178 4635
4082 6615
9574 831
7905 7790
7388 178
9253 7575
1872 9323
7240 376
694 6744
4991 9965
4163 5202
7328 6354
4192 5155
8407 977
8653 5063
6486 8604
845 9525
8001 9442
8737 1192
8154 9831
3688 7376
189 5014
3330 7315
545 2370
8292 1008
2079 8597
7461 5585
2541 9239
1474 115
490 4027
9103 4827
5843 6449
6258 5651
7230 1000
2259 30
3369 6551
3088 4948
615 9253
6301 3087
3903 3448
7285 8084
3245 3992
1553 4790
2992 8447
2761 5500
6027 2573
1131 8070
96 7560
1980 6866
8449 2432
9025 2490
1986 65
2166 1200
5100 262
4433 9988
2391 8306
7768 8231
8450 2447
2355 1868
7899 8750
9166 1024
7868 6739
421 7043
103 4290
7638 9839
4895 5188
1981 1527
4003 7803
6566 7253
4774 8320
5440 9176
2647 6950
8898 4525
4214 571
9843 3682
8040 234
862 9215
5423 6963
6714 1814
8283 4303
1921 4050
6372 1035
8137 7911
978 2507
991 7041
7329 4021
1096 9624
2872 4701
8897 2851
3620 5285
8060 4907
5756 8297
7084 5412
4666 3994
3818 260
8618 574
2581 1791
9245 2050
8565 224
6036 2231
9210 7309
7020 8272
7240 8116
2828 2190
5046 1908
6316 3823
5108 8030
4951 3649
6131 7765
8135 8893
9600 8073
6652 1392
6431 8166
6439 623
8399 4858
3860 342
4050 7615
4666 2289
3769 9250
3841 5362
3691 3206
8507 3732
3152 3353
1092 2313
5363 7241
4929 3036
5994 8756
9492 359
9348 1094
7446 9456
6835 6022
699 5519
7406 330
7648 7604
4649 5435
8800 5475
239 1071
2967 2870
8421 8988
1207 5625
1205 7616
709 8109
8990 3624
5808 6387
6271 1305
8317 1566
7134 5734
4363 1753
230 636
9907 6060
7902 6894
2155 9099
9162 2638
9029 9408
1204 860
3888 233
9141 5479
7699 6112
8647 1807
5831 3702
1200 2340
1668 279
6616 3826
4224 8349
2540 6531
1949 9813
5616 1661
9920 8116
3990 7856
2588 1832
5856 2706
9287 8097
3721 232
4685 9356
9082 245
1356 1844
7202 555
6675 9236
6666 7940
1217 9924
3417 8821
843 1330
3942 5583
9670 9721
7321 9485
6102 8935
792 6079
9123 6489
8554 4089
7018 467
8477 3691
5740 5663
6401 5118
9078 2390
2731 3535
7840 6406
1001 1127
218 3394
3092 2320
543 6420
811 3101
8595 9829
8488 339
6673 7997
6315 2077
6609 2382
9075 4712
3902 5323
9986 8008
1180 4004
4320 3880
8152 3038
2497 9882
268 9097
