1000
703
346
65
9
50
842
415
632
290
800
783
337
588
314
751
259
827
126
358
932
215
238
216
370
623
801
238
350
784
882
509
440
158
485
413
319
578
558
677
679
429
244
445
785
309
927
205
477
533
406
524
835
905
476
571
707
115
659
459
401
784
481
68
221
462
179
855
674
289
679
783
189
452
382
603
696
86
490
911
88
373
404
549
276
863
42
93
783
222
423
796
768
916
283
452
928
560
484
344
339
511
341
355
626
462
22
418
712
655
988
415
956
267
714
223
231
887
192
438
198
714
284
401
650
237
543
85
479
955
153
351
465
515
918
779
422
124
203
800
127
161
180
19
520
462
16
92
491
418
31
22
984
844
594
411
137
210
829
223
227
872
633
723
558
446
172
574
976
590
357
343
55
388
674
933
654
999
452
146
42
839
670
934
677
198
634
640
899
940
253
490
99
862
764
598
8
624
638
323
961
803
612
853
494
759
87
428
732
405
864
363
914
870
302
20
85
80
379
890
497
171
472
807
457
198
850
791
560
704
629
212
553
964
25
356
565
107
114
840
403
464
20
166
564
945
893
33
983
586
965
407
378
590
221
692
163
480
124
798
78
590
304
488
896
64
579
90
275
440
531
873
514
290
78
891
264
829
261
254
884
603
225
657
576
990
12
267
354
27
210
866
778
987
599
767
637
352
186
745
450
333
354
295
955
481
664
930
174
237
766
97
804
507
150
87
241
802
670
714
366
720
194
693
764
311
531
961
394
867
686
224
568
610
984
474
44
661
329
51
109
519
774
508
263
235
196
288
183
403
866
819
575
694
862
190
491
617
890
118
53
674
848
414
230
664
292
842
375
247
786
542
703
131
39
565
749
211
444
910
256
272
512
428
788
878
621
486
73
66
550
582
239
324
904
349
388
599
535
199
578
911
209
371
938
10
785
182
253
650
205
976
509
66
601
527
855
455
111
155
668
761
159
298
80
930
708
116
346
854
207
177
181
348
168
954
991
428
82
566
504
793
719
262
805
81
204
627
358
402
365
454
628
447
212
272
136
396
582
179
63
814
654
705
522
47
927
691
854
64
84
61
734
671
850
992
898
20
401
608
82
414
878
695
355
276
213
881
542
577
541
522
85
503
228
77
439
983
677
967
870
775
182
307
911
37
463
374
658
460
120
182
387
52
539
31
672
503
746
102
635
657
458
809
74
584
664
190
206
461
538
76
41
520
385
311
507
971
813
296
310
384
834
892
528
60
698
668
754
328
940
669
719
846
971
920
351
361
402
5
133
736
94
299
717
972
708
379
193
808
85
631
198
721
22
884
571
277
637
495
594
593
234
992
138
605
114
184
52
315
34
544
500
161
786
133
603
371
247
951
683
372
157
929
786
966
549
598
546
496
28
81
144
7
148
773
204
425
79
679
200
798
624
969
861
39
53
520
59
668
410
529
655
584
303
263
425
328
518
608
990
604
773
513
636
461
443
550
964
584
753
166
709
569
853
735
967
540
727
622
28
687
150
914
294
316
795
850
53
886
881
787
407
210
402
790
725
248
494
690
972
82
720
854
73
797
409
897
609
245
337
814
808
661
194
578
288
767
528
656
260
361
598
375
573
714
675
130
653
771
453
928
282
784
492
701
909
289
826
881
12
604
569
688
117
462
887
985
756
858
326
330
687
417
246
677
999
307
742
500
546
372
784
66
919
738
974
349
721
494
418
870
440
553
578
283
260
601
811
504
395
837
477
41
933
821
640
595
167
669
453
12
653
499
496
967
411
319
300
652
133
267
40
720
661
515
137
89
125
535
400
565
566
439
429
332
880
982
444
98
59
273
583
65
574
314
676
631
21
392
233
916
352
105
165
47
874
11
24
345
24
56
630
666
435
192
791
802
598
483
867
523
164
615
605
205
28
310
421
586
519
148
762
196
476
912
736
603
89
281
406
971
620
899
787
669
138
881
403
661
209
317
428
500
473
446
614
727
89
161
442
264
407
732
273
228
719
767
313
972
744
356
612
103
930
672
937
272
781
314
727
172
255
115
423
799
180
847
474
375
483
947
459
625
158
615
845
963
186
319
464
802
320
292
665
93
323
392
223
2
970
90
461
743
633
614
997
483
747
849
137
110
291
852
272
998
284
526
255
803
796
695
374
574
264
402
821
741
589
483
102
682
355
66
156
534
822
262
301
216
376
813
556
570
177
771
226
773
496
449
670
131
359
896
698
902
762
558
424
64
336
8
37
42
246
657
133
385
960
610
567
493
769
819
306
916
228
704
208
175
548
100000