2000
949
720
832
587
666
931
590
601
500
902
536
945
745
785
820
755
700
744
693
541
540
546
630
960
651
846
631
705
878
744
487
602
790
782
638
718
856
709
563
667
580
488
827
909
723
805
601
904
793
476
752
527
873
943
822
778
874
543
691
889
540
754
802
479
948
604
695
589
517
936
715
718
608
748
522
941
668
510
678
880
835
780
880
619
798
713
691
666
525
813
709
914
863
892
930
924
697
678
954
504
935
756
864
562
585
615
830
696
752
654
634
588
494
960
504
882
521
557
532
700
783
716
578
923
620
912
518
537
735
730
457
534
564
471
533
849
711
994
613
807
616
841
746
555
740
486
614
505
727
692
563
727
622
514
466
704
769
836
572
858
569
591
551
724
540
651
853
880
605
828
476
871
916
529
963
773
588
565
596
840
616
525
747
677
586
592
830
562
747
743
971
781
790
664
676
882
678
720
913
710
716
755
747
926
539
547
928
931
670
676
677
687
755
627
814
687
513
454
919
940
810
943
916
703
772
585
761
579
662
651
878
527
642
707
546
676
622
509
971
790
751
531
872
719
460
747
677
792
611
738
789
462
742
622
784
705
756
778
727
578
607
759
482
780
815
784
596
667
767
715
913
762
929
916
775
823
830
480
982
838
500
769
503
932
695
747
560
708
910
687
484
624
660
894
803
726
530
606
934
555
544
872
569
465
701
900
679
832
843
811
734
514
920
830
847
513
871
910
601
748
458
757
649
817
801
974
526
555
949
645
649
644
701
768
922
618
627
557
676
489
931
709
582
506
706
602
902
778
736
749
822
921
550
774
816
959
510
771
777
499
599
643
608
898
672
580
735
912
651
945
528
946
837
500
580
811
810
769
666
500
506
545
729
602
656
640
784
775
764
660
605
819
858
528
663
459
637
774
675
604
852
595
505
803
555
510
687
852
750
669
684
875
861
946
719
710
544
526
877
722
573
636
749
602
685
750
694
581
812
548
567
759
650
939
548
823
478
651
523
917
792
648
871
779
682
703
711
926
813
994
940
681
710
665
656
751
570
794
590
713
692
621
926
839
656
847
843
893
698
474
547
637
536
764
635
902
847
706
800
707
461
803
896
764
737
881
881
641
569
697
743
864
823
869
943
666
810
890
481
881
722
583
791
919
612
616
805
873
669
727
721
775
587
539
506
478
609
822
570
798
840
750
638
657
465
931
514
659
851
861
596
764
740
664
614
585
934
822
737
588
607
695
649
794
670
518
641
671
464
961
674
804
536
549
516
738
828
907
544
581
831
773
775
783
792
796
879
950
664
770
760
833
603
924
885
675
588
829
924
594
676
978
937
606
927
624
978
705
504
475
860
720
822
656
651
656
778
788
575
691
499
550
710
928
799
931
567
605
553
548
792
514
729
717
824
813
584
942
895
929
917
756
547
947
958
794
841
846
806
842
713
746
813
689
730
516
570
636
478
800
993
684
903
655
880
747
663
809
790
824
817
977
873
756
684
591
975
693
826
576
627
792
749
664
517
619
737
655
687
663
904
822
598
687
886
778
793
835
515
525
663
711
761
862
897
881
518
710
558
843
589
600
957
775
672
573
552
688
690
727
656
721
725
558
529
673
898
757
653
559
571
936
469
929
657
556
907
794
540
609
668
989
659
881
529
617
869
630
476
666
754
980
698
690
676
862
474
681
602
865
862
925
809
528
772
622
458
479
524
592
1000
532
525
895
750
609
811
580
781
818
645
477
618
553
949
854
568
892
723
633
867
845
933
665
884
784
938
910
924
793
869
862
785
760
640
777
637
909
518
776
656
949
864
566
945
549
759
564
885
506
813
907
622
593
862
675
522
695
645
611
836
656
706
587
658
810
677
607
550
708
794
774
536
632
586
458
605
599
582
778
915
473
600
550
452
478
867
825
542
617
673
781
571
870
557
728
754
732
580
840
979
886
805
727
947
515
615
954
711
793
532
768
961
606
503
978
581
483
755
923
586
949
933
578
941
769
619
628
902
887
909
635
735
678
560
677
745
865
704
574
746
501
509
631
927
543
723
827
726
918
623
959
869
684
649
514
587
807
571
466
835
612
576
874
939
500
655
666
825
721
987
822
453
556
596
517
608
509
628
620
509
988
681
895
632
944
933
673
587
940
881
509
530
591
488
605
551
731
563
558
905
637
696
689
999
733
501
575
942
879
883
566
580
626
854
961
920
929
673
906
778
901
460
627
900
986
869
882
837
992
528
502
794
760
697
689
757
720
725
529
907
615
522
779
824
760
750
894
690
936
645
766
504
633
670
544
620
803
958
874
940
636
991
736
908
817
772
834
824
832
643
867
805
736
842
489
622
544
641
847
804
802
937
478
616
839
823
602
538
943
864
759
842
903
658
880
589
592
801
995
840
580
749
902
660
840
471
600
558
949
553
912
511
798
771
922
739
753
659
546
621
918
937
731
600
571
867
511
848
537
762
540
948
920
837
682
839
672
875
714
726
652
854
831
589
717
700
794
572
803
922
742
534
618
933
989
809
506
738
708
944
644
536
710
618
917
747
454
849
585
578
509
675
612
716
703
773
785
908
677
556
544
520
942
742
511
752
750
924
770
927
753
837
1000
763
751
611
900
587
594
787
511
510
845
765
462
475
944
703
770
716
826
871
927
543
968
926
880
932
554
674
873
801
964
931
757
870
925
745
675
530
720
959
747
927
652
877
798
949
592
678
537
525
966
686
681
695
962
850
949
788
757
576
748
978
630
701
541
818
517
627
561
695
911
858
880
455
884
916
964
939
734
851
709
781
821
665
844
599
753
936
636
751
503
989
628
607
543
817
793
477
495
588
869
672
881
739
844
869
743
811
895
461
650
588
774
536
687
809
538
507
820
735
573
589
574
665
520
640
695
468
462
473
583
470
991
548
744
561
951
457
886
933
672
630
784
506
531
550
750
844
891
807
598
935
653
597
802
677
744
540
654
705
494
877
756
550
777
839
804
773
674
891
506
609
503
711
769
901
904
657
544
471
660
747
675
815
781
655
591
854
932
603
883
865
795
758
461
864
894
847
732
919
716
673
619
808
795
567
973
690
968
918
959
797
714
729
493
794
938
941
965
621
479
725
873
629
836
522
565
811
947
606
855
712
638
475
471
905
811
907
485
767
634
875
537
904
770
519
793
967
684
649
918
755
986
853
746
468
597
902
852
807
809
865
885
858
999
531
835
918
495
697
565
645
932
672
856
613
883
501
941
901
925
739
960
743
822
963
596
893
548
516
560
893
691
552
602
470
751
759
649
732
504
760
891
599
949
501
816
504
511
702
685
871
660
620
642
946
762
480
903
774
813
848
849
720
539
834
943
620
542
725
607
949
651
923
976
626
588
938
902
680
581
936
962
593
768
914
833
913
580
814
750
550
605
948
613
496
639
987
844
785
863
894
787
505
566
894
740
863
992
839
601
869
942
531
980
706
622
462
889
954
708
472
772
908
949
878
933
699
940
842
931
582
635
930
686
511
787
846
921
655
833
908
854
670
927
632
596
456
638
639
468
650
527
876
744
685
749
570
945
588
569
741
915
837
872
599
491
806
901
585
574
755
647
519
607
628
604
566
824
500
714
761
933
559
774
516
755
730
687
519
519
921
616
776
692
866
935
925
608
914
651
599
696
557
499
840
940
840
918
690
528
582
674
518
548
459
817
478
504
914
525
637
613
553
880
590
648
910
529
774
827
634
712
576
816
510
708
892
602
463
541
779
861
869
500
644
465
621
873
684
522
902
766
633
986
859
656
704
568
983
902
702
894
810
868
669
918
639
730
809
800
643
539
507
479
922
874
943
737
508
860
885
976
528
742
868
738
492
666
560
675
822
617
821
706
524
784
460
570
541
496
758
639
787
760
962
774
957
939
928
890
572
853
665
657
835
899
816
749
875
862
747
881
940
977
538
847
611
549
752
782
639
895
972
563
653
659
733
655
899
464
500
984
786
929
525
637
791
526
503
939
741
591
733
948
540
650
626
671
938
669
994
910
678
831
815
484
512
622
570
656
594
912
825
884
736
714
847
628
521
824
731
518
561
542
772
842
547
565
509
768
606
523
668
553
547
687
521
536
574
843
780
925
581
761
932
806
777
679
478
695
591
805
726
877
866
818
618
683
562
762
724
750
994
921
887
959
522
572
883
855
488
683
812
785
608
914
517
853
893
855
734
906
722
541
523
927
744
632
985
658
844
610
993
764
570
550
768
648
770
838
597
947
863
509
866
943
810
585
710
933
803
701
809
929
629
687
559
851
554
810
641
578
724
586
650
673
790
525
768
790
902
988
974
520
729
769
560
659
930
521
985
488
772
639
816
507
750
821
636
919
983
754
586
771
874
518
749
884
691
924
884
562
715
797
608
986
641
773
691
547
569
559
572
665
567
535
697
650
660
783
755
653
788
729
716
619
525
555
707
701
545
733
676
725
1000
837
924
529
895
958
507
657
704
765
727
830
733
682
779
686
595
895
784
894
586
628
695
590
630
497
922
916
613
755
687
711
470
726
596
582
846
722
701
625
917
834
1200000