2000
1000
1000
1000
1000
1000
1000
1000
1000
1000
531
840
689
832
888
672
648
590
590
737
1000
1000
1000
1000
1000
1000
1000
1000
1000
1000
800
652
926
742
988
703
762
985
504
694
1000
1000
1000
1000
1000
1000
1000
1000
1000
1000
735
796
678
999
575
688
681
669
662
628
1000
1000
1000
1000
1000
1000
1000
1000
1000
1000
988
912
943
592
713
618
577
917
809
626
1000
1000
1000
1000
1000
1000
1000
1000
1000
1000
610
500
774
698
777
803
811
712
510
935
996
800
592
739
522
901
783
654
808
997
1000
1000
1000
1000
1000
1000
1000
1000
1000
1000
829
977
860
535
635
749
939
917
664
514
1000
1000
1000
1000
1000
1000
1000
1000
1000
1000
721
914
617
648
518
947
899
833
875
607
1000
1000
1000
1000
1000
1000
1000
1000
1000
1000
968
678
646
648
583
814
778
793
833
846
1000
1000
1000
1000
1000
1000
1000
1000
1000
1000
781
510
705
969
682
952
732
551
545
794
1000
1000
1000
1000
1000
1000
1000
1000
1000
1000
568
891
769
649
549
806
663
756
915
728
1000
1000
1000
1000
1000
1000
1000
1000
1000
1000
937
836
957
724
909
763
560
690
709
732
1000
1000
1000
1000
1000
1000
1000
1000
1000
1000
997
665
657
514
628
648
991
808
583
670
1000
1000
1000
1000
1000
1000
1000
1000
1000
1000
723
761
508
650
819
810
762
810
606
961
1000
1000
1000
1000
1000
1000
1000
1000
1000
1000
717
629
687
614
653
678
637
603
835
743
1000
1000
1000
1000
1000
1000
1000
1000
1000
1000
692
725
845
649
930
921
794
643
704
545
1000
1000
1000
1000
1000
1000
1000
1000
1000
1000
817
632
507
993
848
527
710
609
862
822
1000
1000
1000
1000
1000
1000
1000
1000
1000
1000
688
782
937
998
559
594
757
729
797
603
1000
1000
1000
1000
1000
1000
1000
1000
1000
1000
862
573
600
500
739
773
522
758
528
808
1000
1000
1000
1000
1000
1000
1000
1000
1000
1000
594
508
590
867
951
807
914
959
725
721
1000
1000
1000
1000
1000
1000
1000
1000
1000
1000
692
543
695
520
603
781
874
526
728
962
1000
1000
1000
1000
1000
1000
1000
1000
1000
1000
862
968
734
918
766
647
991
548
518
537
1000
1000
1000
1000
1000
1000
1000
1000
1000
1000
1000
1000
1000
1000
1000
1000
1000
1000
1000
1000
1000
1000
1000
1000
1000
1000
1000
1000
1000
1000
1000
1000
1000
1000
1000
1000
1000
1000
1000
1000
546
575
574
850
556
915
545
566
969
566
1000
1000
1000
1000
1000
1000
1000
1000
1000
1000
1000
1000
1000
1000
1000
1000
1000
1000
1000
1000
649
782
822
983
533
719
648
737
827
699
1000
1000
1000
1000
1000
1000
1000
1000
1000
1000
1000
1000
1000
1000
1000
1000
1000
1000
1000
1000
535
519
640
731
932
865
864
792
828
622
1000
1000
1000
1000
1000
1000
1000
1000
1000
1000
1000
1000
1000
1000
1000
1000
1000
1000
1000
1000
632
806
889
515
906
624
807
860
607
945
930
924
862
752
650
878
818
931
764
814
1000
1000
1000
1000
1000
1000
1000
1000
1000
1000
1000
1000
1000
1000
1000
1000
1000
1000
1000
1000
714
906
995
778
803
759
536
510
591
633
965
613
717
829
853
799
966
549
521
825
869
509
642
974
791
882
861
983
543
930
983
658
658
523
674
625
925
820
868
565
705
524
501
552
564
744
726
644
610
946
972
861
635
891
558
902
951
983
671
959
858
503
992
614
857
728
521
991
920
817
881
832
598
792
607
776
962
685
674
651
659
700
724
767
510
946
811
786
950
689
696
572
728
999
752
790
912
876
768
907
580
907
568
954
920
943
696
776
662
822
885
751
703
921
561
615
969
813
905
768
546
682
747
969
741
722
545
968
676
640
752
985
958
981
712
807
505
831
551
820
518
593
804
608
820
878
906
558
982
869
869
922
717
796
617
842
746
711
709
587
911
580
753
918
776
901
854
695
936
969
901
525
945
639
863
743
532
923
860
559
688
762
523
979
618
684
665
660
993
744
572
819
903
644
654
673
555
565
826
583
709
953
578
746
959
871
821
907
545
564
627
822
755
608
710
672
621
922
732
738
995
599
523
729
847
595
516
762
880
806
715
863
608
803
589
955
908
671
927
512
849
660
586
703
719
990
531
588
814
902
725
901
937
525
937
807
922
623
538
510
701
996
633
621
525
819
814
900
972
921
720
899
814
888
525
763
680
533
610
511
537
671
765
587
530
774
751
512
526
998
829
820
804
743
986
875
908
992
543
874
931
511
997
603
827
885
605
945
606
830
862
690
506
863
576
710
585
637
657
957
734
613
868
640
572
891
931
532
617
667
737
748
629
563
845
552
956
833
930
970
761
975
959
531
725
996
825
565
748
804
602
652
874
980
580
695
916
983
923
500
728
504
735
671
510
937
841
907
985
536
939
601
778
764
831
836
610
711
516
725
994
537
827
604
686
731
761
788
922
640
900
812
765
855
779
905
619
731
889
950
682
724
517
646
851
803
999
905
829
999
635
537
666
801
863
714
698
617
578
535
665
646
630
695
504
620
985
920
794
544
612
700
995
671
920
761
777
894
673
929
963
974
963
929
906
564
731
541
546
743
875
597
893
593
834
574
634
890
646
836
744
711
963
830
588
810
578
879
685
579
889
992
610
634
535
910
721
798
743
877
922
869
674
908
614
505
828
763
861
539
962
779
510
573
613
910
841
693
566
743
801
668
939
946
515
565
949
994
683
942
966
638
930
803
596
523
508
677
915
776
538
629
772
923
962
938
527
507
618
724
826
641
651
710
638
732
943
505
749
780
696
941
528
937
890
545
676
999
747
910
656
589
538
577
521
520
806
886
728
813
963
659
979
942
625
720
826
557
837
510
888
905
764
743
547
617
571
679
620
978
907
972
902
568
644
615
864
864
577
964
693
985
637
641
784
521
949
720
636
717
856
562
654
823
724
764
696
878
991
872
972
875
860
635
566
511
623
630
830
565
910
725
725
570
882
972
910
602
946
1000
688
509
878
724
814
797
510
656
606
617
852
717
757
918
614
907
511
910
961
667
586
775
543
958
653
848
856
730
896
721
968
785
661
887
726
911
704
867
623
879
766
961
568
658
835
684
706
799
930
683
857
819
709
956
739
953
793
724
733
919
959
655
538
607
724
970
707
964
642
922
664
556
623
662
773
723
741
988
770
561
771
912
691
564
683
618
666
738
520
797
603
665
954
564
942
698
836
567
579
771
510
625
527
584
947
669
545
595
652
994
812
675
737
908
826
770
631
616
520
811
699
899
805
943
878
614
599
525
982
688
777
643
904
684
782
863
730
857
682
580
651
911
898
862
592
840
844
659
550
779
633
974
753
719
858
848
903
555
993
598
937
732
525
710
793
656
755
529
793
530
963
796
963
758
930
614
590
607
540
837
879
817
633
928
863
908
500
597
804
642
672
623
698
564
923
790
784
604
876
686
676
957
848
520
951
831
906
658
772
769
623
730
931
721
516
950
697
546
682
990
534
747
821
545
589
707
823
984
663
904
671
709
746
529
780
916
656
507
624
924
977
814
587
916
925
752
842
781
518
641
840
519
952
751
686
580
689
613
562
548
815
513
502
711
592
834
885
964
990
973
783
610
759
695
805
864
722
524
772
636
578
630
822
955
523
613
580
679
835
930
654
894
574
698
828
540
861
924
538
799
504
925
611
921
734
987
937
857
821
692
760
729
886
644
728
764
690
838
684
532
654
967
796
982
644
735
673
548
726
744
795
910
694
944
936
797
811
730
556
837
667
956
935
782
974
708
838
724
698
740
740
561
531
995
972
927
904
980
661
787
847
701
929
905
662
849
686
913
886
893
716
826
540
561
918
517
933
809
684
504
770
681
593
927
909
910
579
966
839
602
712
884
943
828
926
512
913
772
889
683
878
871
922
737
895
830
963
859
612
863
978
892
968
833
920
830
721
841
959
919
609
580
918
865
990
887
991
811
634
657
601
753
768
720
895
870
865
631
660
503
614
678
881
795
793
678
960
633
691
575
710
762
781
903
863
560
757
572
544
502
879
797
782
544
755
961
569
609
685
645
928
651
836
563
803
707
891
746
588
778
530
828
607
591
795
674
767
502
1000
699
686
940
844
955
920
944
600
773
830
957
500
595
518
701
698
681
837
542
778
608
978
867
778
977
641
817
769
505
950
531
766
850
999
798
902
511
871
613
854
764
777
540
898
517
516
826
875
660
792
533
645
685
633
813
733
629
790
778
956
856
761
882
664
699
553
904
797
658
592
642
522
703
994
868
534
991
837
702
567
557
690
800
825
636
925
728
676
516
709
892
986
696
950
636
754
918
826
902
948
559
833
664
704
857
744
538
544
910
533
705
536
623
773
815
790
969
790
996
954
602
538
700
663
804
799
770
923
801
784
627
648
799
715
816
755
582
741
802
901
709
916
751
527
502
728
973
919
505
996
700
933
708
865
629
931
576
954
566
815
646
606
697
864
932
655
699
520
734
716
727
753
905
934
955
583
535
958
951
732
838
643
966
969
921
726
693
909
613
665
544
867
605
919
686
937
828
972
888
902
830
581
807
923
557
599
974
730
525
853
850
926
879
967
616
747
686
909
558
553
666
706
694
735
792
837
719
846
970
745
726
562
777
660
848
804
769
523
628
824
632
712
656
569
613
964
515
671
678
882
745
800
727
759
738
902
521
919
540
516
815
960
828
951
716
566
583
535
957
650
581
710
784
587
637
868
806
534
959
704
733
829
1500000